Minimizing witnesses for theoretical data...

Minimizing witness W3_1
0.0852566051205551
0.036488926073094674
0.03155235264423781
0.031481789731246726
0.03125000863871698
0.031250000000052014
0.0936901531875653
0.03125005536103343
0.03125000000002909
0.03213842326273532
0.031250509086311246
0.03125000004453356
0.04806280661186871
0.03125013290232177
0.031250007055037436
0.03125
0.08427268444669103
0.03447908441704854
0.03141323278248375
0.03125032144449799
0.03125000000089019
0.04745992770103087
0.031255074587849124
0.031250253948489626
0.03125000000000046
0.09358904071325476
0.031355856226110486
0.031251159736775905
0.03125000000180321
0.03320990513049004
0.031255905857954666
0.031250002422187034
0.031249999999999993
0.09287588983917855
0.031300524711639514
0.03125012946365828
0.03125000000004124
0.08591137250690326
0.0315506899988857
0.03125004570997598
0.031250000000486985

Minimizing witness W3_2
0.09041491663809578
0.031249999999999986
0.0813323322923589
0.03148532490254775
0.031249999999999986
0.03140527089290655
0.031249999999999993
0.05568686380519287
0.031249999999999986
0.0930318523984263
0.031249999999999993
0.08183232851385142
0.03172943426137466
0.031249999999999993
0.08427893799581805
0.0344900143267036
0.031249999999999993
0.05550919612553894
0.031249999999999993
0.06370355340735487
0.045217384816861564
0.031249999999999986
0.03345875820354678
0.031249999999999993

Minimizing witness W3_3
0.06864153780908558
0.04084464506342722
0.032514192104176796
0.031256811819761136
0.03125000109724351
0.031249999999999997
0.0545344803887778
0.033419732039591844
0.03292676041199294
0.03125362227496432
0.03125000109918276
0.031249999999999986
0.09049868085201768
0.03164196443192939
0.03125325021620583
0.031250000068359915
0.06798582090131013
0.04157160429008826
0.03241744700845634
0.03125805330028756
0.03125000108068175
0.031249999999999986
0.06540304627675514
0.04672188637551368
0.03244098916937156
0.031343881491705874
0.03125000805866232
0.031250000000007896
0.06974451839054735
0.03960788870049459
0.0326689367751347
0.031254792169706544
0.03125000100906694
0.03125
0.053784546098018825
0.03328709989041743
0.03175381682741951
0.03125006315891793
0.03125000000179905
0.07319943229908911
0.03579511082309993
0.03295537987651105
0.03125067767508035
0.03125000022503811
0.04443180790978334
0.03632487498260965
0.03127087047044
0.03125006100238409
0.03125000000000261
0.031800212156095554
0.03125011806849691
0.031250000004006684

Minimizing witness W3_4
0.04967078828454667
0.031249999999999986
0.08735591375175583
0.031249999999999986
0.06402497979617529
0.0454937135080032
0.031249999999999986
0.061853200833520965
0.0436984390810164
0.031249999999999986
0.05133533996142438
0.031249999999999986
0.05085917656744755
0.031249999999999986
0.03745413030414118
0.031249999999999986
0.032142293472284325
0.031249999999999986
0.07839926969347191
0.031249999999999986
0.03143057592154175
0.031249999999999986

Minimizing witness W3_5

Minimizing witness W3_6

Minimizing witness W5_1
0.06999885014348407
0.039412204530245555
0.007085197262302861
0.0015651776106731345
6.841488075781665e-07
4.665894406952198e-11
0.11208908147184353
0.051476156955836
0.050262812064290355
0.017954866856971424
0.0002472605317789568
3.7041134337435083e-06
4.9837391158380484e-12
0.0684446608356989
0.020616847500030754
0.003069704210185103
0.00048546790059017
2.6884153242132114e-07
1.7210087521757345e-12
0.027993910262442648
2.9427513297614755e-05
1.3861958985481732e-05
9.78996397837939e-13
0.03332114640375075
0.0014270905812771052
0.0005780698633507109
9.270538800683348e-08
8.667337680900999e-13
0.0222964019435006
0.0011620556567340339
1.2142231049486543e-05
5.756992903227509e-10
0.05406048705907347
0.004037745707829616
0.0017130124384761199
2.1093490644094604e-07
1.7594731227532634e-11
0.10728947765151732
0.01903004363116853
0.005208822954075899
0.0001916900806000245
1.0282753154164381e-07
1.0197051536486867e-13
0.11236811905058491
0.08849476230540418
0.031249999999999972
0.006856617188653394
0.0008404195871434279
5.147967193572245e-07
9.943079345986483e-12
0.09581515713735503
0.006408776820670505
0.0013851432162765003
3.94484193867034e-06
1.963753170491911e-10
0.09077597759853191
0.02218742760580509
0.00053793843576397
0.00025511675272411535
6.0675989649316975e-09
1.1679893163751842e-14
0.028367508003122058
0.01120366028753051
5.28366885503076e-05
1.889235871892908e-07
1.2673889715486553e-14

Minimizing witness W5_2
0.04641828180040028
0.00869489425678234
1.430804604522079e-06
3.544202485314396e-09
2.2551405187698492e-17
0.07566913013772256
0.02602928755337008
0.003802854595143408
0.000956058732765299
9.580648592140417e-07
2.3649106978274048e-11
0.050300365984089435
0.0007870522910572268
0.0003945068175704135
2.0681675061764992e-08
9.00390872971002e-14
0.014982629930733214
0.00037167735357105346
4.588338921380358e-06
1.431688795294761e-11
0.0775316506612937
0.031249999999999972
0.021408055501297256
0.006074002978930102
2.2872866597981045e-05
2.283491501268997e-08
1.491862189340054e-16
0.06352505842381066
0.04821353651430396
0.019686735798730096
1.9060651795625716e-06
2.8181637370949808e-08
-3.469446951953614e-18
0.04022100305026076
0.011478492615110306
0.00807446064263012
0.00014584266254335024
2.2381912804549098e-07
1.2626358292244788e-13
0.02042012446237428
0.0010176343626118953
0.00038279809508303016
3.0036404627398205e-08
1.2330934884285938e-13
0.06607629040014142
0.004578810509893073
1.3165030723450571e-05
7.06120478092577e-06
1.0500628144782809e-13
0.0007848285969956001
0.00013413096246527555
3.980788664039239e-05
4.871021294650113e-11

Minimizing witness W5_3
0.05020030458150804
3.0063428856863528e-05
1.18785339904455e-05
4.2368886177257536e-14
0.11430070162121839
0.02622682693808777
0.003816010918270639
0.00024180651849998666
5.865331942876695e-08
9.283546154037481e-14
0.042174706472755376
0.02116782447600735
0.010753020645722595
1.5405607090259593e-05
5.395962975052182e-08
4.961309141293668e-16
0.09976733236900878
0.001270130049301186
0.00029949232531217493
0.00020453218641590387
1.5814407075542825e-11
0.04255729408809261
0.011037422528386636
0.0016131693760087253
2.4360760036735984e-06
1.6999959426278188e-10
0.07226982573816351
0.040961333411803996
0.02688631426162868
2.2219170334375482e-05
6.279348630060244e-07
6.238065619612598e-15
0.12476361401494929
0.06826505439009145
0.04752486470130287
0.025725500769469917
0.01923864328647732
0.0031565840755355366
1.4942798487699999e-05
3.819636041485497e-09
8.326672684688674e-17
0.08583435461627213
0.008053563909537882
1.905208366544814e-05
1.702929849894605e-05
1.164765948360666e-05
4.977770169044618e-06
6.034890935851384e-07
2.2251033789805197e-08
1.0723548542201922e-09
0.01700294683979164
0.0009105633845670931
3.61540732818702e-07
8.264954692860371e-12
0.07429613395210745
0.022066462866556714
0.00269283351612583
0.00011740806702030537
1.564844232145035e-08
5.703770789011742e-15
0.09077597759853191
0.02218742760580509
0.00053793843576397
0.00025511675272411535
6.0675989649316975e-09
1.0949574580365606e-14
0.02558498912969571
0.008872517252874258
3.958504359595841e-05
8.642462718914945e-08
3.174543961037557e-15

Minimizing witness W5_4
0.0920839644613993
0.0474013554474962
0.024698826160623452
3.2585101214510637e-08
8.036620952056595e-10
0.0
0.07300219911608527
0.044622390269629844
0.02061132679178492
0.014417299823321579
0.0011610678020812434
4.195432797109155e-06
1.4416898924674015e-10
0.02943347924037485
0.0011340748113407434
0.00043570102742510053
4.2922060884686974e-08
2.296357548559058e-13
0.010284460547712579
0.0010257244855907607
0.0003477406891628024
2.6644522137242443e-08
9.235667786100521e-14
0.05243911632583168
0.0011411330533828215
0.0006662808073126386
7.917097410992113e-08
9.922895838343493e-13
0.07569643914643814
0.01125409945681085
0.0013905947693226908
7.86183900065851e-06
1.0985787101541744e-07
1.6653345369377348e-16
0.11038115477257776
0.0034700866020934903
0.0001364504754712212
7.072143399372566e-08
3.5617342408755803e-14
0.010630625211823994
0.0003436419065687771
2.198625660400355e-06
6.270164942812073e-12
0.10694418216616491
0.039003970564539296
0.017632302515241637
2.428179899094385e-07
2.756652843494134e-09
0.0
0.07989334323360157
0.07100353473628537
0.0015357796114371658
6.764978091600149e-10

Minimizing witness W5_5
0.05583760562273454
0.03287173863082588
0.031657248805204555
0.031249999999999986
0.042457493267878094
0.03497547801439241
0.03414833733491733
0.031249999999999986
0.017891289654298523
0.001135364007000185
2.706743017646257e-05
1.3446316837750771e-09
3.469446951953614e-17
0.05580959333879452
0.0015389396154455795
5.315782884471321e-06
2.9451873724689603e-06
8.139322549283179e-15
0.06282364644252143
0.02876594682775279
0.008779484066670465
0.0026308535300915634
1.675466049719243e-05
2.8854731243255216e-09
4.163336342344337e-17
0.03227332929988729
0.02173002812582115
3.7186757698315365e-05
6.166654499192847e-07
1.8311741012411176e-14
0.04803797461010197
0.004481314601677715
0.002810353872475427
5.842682667366039e-06
1.2388679804242742e-09
0.0
0.0962596061310495
0.03777595587716898
0.03276639970938389
0.031249999999999986
0.05772321926789531
8.921309238928143e-05
2.309541446976482e-13
0.021013854751070496
0.00019159614996019925
9.24796575796083e-05
2.7875857178116803e-10

Minimizing witness W5_6
0.052315370547337925
0.007167342605550152
-0.004779187208706737
-0.02251733855075551
-0.054726463081232725
-0.062016519554481536
-0.06248338736150329
-0.06249986941789781
-0.06249999931700256
-0.06249999999970019
0.12317715372133427
-0.005150835395835995
-0.005215068188480908
-0.0055018231784773886
-0.05253005497180011
-0.06137388312990793
-0.062461218385681735
-0.06249999929710964
-0.062499999999250544
0.046941449981474016
-0.021127417116647035
-0.05603806800440645
-0.06092896409231939
-0.062496849557925116
-0.062499903720314366
-0.06249999999999996
-0.009946091631293043
-0.03375731367058987
-0.054747036509851424
-0.06238449692493163
-0.06249391666134073
-0.06249999999939071
0.054353244393256284
-0.01679637197423335
-0.05602456016875015
-0.06233028285717724
-0.0624469403691493
-0.06249321194627956
-0.0624966712351966
-0.06249999828979489
-0.062499999999943094
-0.041837715965186865
-0.05847711175387808
-0.061655003408812074
-0.06249928296241596
-0.06249999965826952
0.09680322861478183
0.09544213984002377
0.09374497503149887
0.031249999999999986
0.029353359356567608
-0.028016045879590487
-0.04231856393616662
-0.05298912325900323
-0.06183326045185462
-0.062377654117276686
-0.062477748364866345
-0.06249994748800236
-0.062499999844439894
0.04395113536101943
-0.016993433462182225
-0.05359919747913563
-0.06008210484569712
-0.06248230469592925
-0.062499213889370256
-0.062499998469908495
-0.06249999998691751
0.035990911170907185
0.008782950139998968
0.00013519612615530557
2.537653856146682e-07
1.2081308176092875e-13
0.01961274173652913
-0.012312077951187696
-0.05973524995345287
-0.06156012425542041
-0.06249921409475405
-0.06249999917378083
-0.0625

Minimizing witness W5_7
0.12030730772651874
0.06830219303228424
0.06313134473517834
0.06250525408196594
0.06250000020001753
0.12223368033022947
0.09270350696141413
0.0918498605204342
0.08027126610319406
0.07325849668802639
0.06670908831169986
0.06251045018320565
0.06250002118419962
0.06250000000000033
0.10529328132099117
0.09051039104399541
0.08268084075570553
0.06474751347012585
0.06294202951729783
0.0625000830209875
0.0625000000018082
0.08963866813505464
0.0625976379665307
0.06250470071622496
0.06250022070370158
0.06250000000000056
0.06818303325618892
0.06282779851582185
0.06264528010920098
0.06250000500334511
0.06250000000001149
0.12193316846390222
0.06387923724316631
0.06254499397614746
0.0625000067557446
0.06250000000000126
0.12370343623157445
0.06918348572896879
0.06663286886477196
0.06255780610078726
0.0625001582190362
0.06250000000005339
0.09963633270517988
0.0792931343734152
0.07026693917628464
0.06250000980617032
0.06250000008333123
0.08372684840327077
0.06545838863735118
0.06424534104546273
0.06250639365483616
0.06250000204321526
0.06250000000000001
0.07277022655017146
0.06305912882773987
0.06252830412968562
0.06250000153718678
0.09277359644389067
0.06330566660051867
0.06307610627468467
0.06250015183964494
0.06250000000560797
0.09277359643795854
0.06330566688239689
0.06307610647204381
0.06250015187354642
0.06250000000563902

Minimizing witness W5_8
0.04063739365045456
-0.05894555223418664
-0.061264026189122966
-0.062499474136649275
-0.062499999990134586
-0.049043223566762
-0.061753968653955216
-0.06214185742586251
-0.06249999269129555
-0.06249999999998807
0.12280078247506895
0.009304327647516368
0.006644972637615498
-0.04578302801244555
-0.06249999281305167
-0.06249999997051839
-0.05492213919770942
-0.062203948408779554
-0.06234516075675202
-0.062499999488535345
0.08303200735823255
-0.019419568786067196
-0.052088681289417266
-0.05829735383181746
-0.06248181137708651
-0.06249999632957486
-0.06249999999999999
0.020569823703022294
-0.051740484729346906
-0.06234456160574793
-0.0624996835971394
-0.06249999999991057
0.08082229914675576
0.0018436835568187426
-0.031495465813993526
-0.03918412941296101
-0.060492470067207094
-0.062491675118987004
-0.062499999622508594
0.0124478241006248
-0.06073959432983223
-0.06245691114349289
-0.06249330992391551
-0.062499999999942144
0.1033714681034478
0.022580531128863546
-0.026706578740370066
-0.062445975208962556
-0.062498666547155385
-0.06249999999996547
0.03982830670372821
-0.05852741521744227
-0.061102766443312764
-0.06249924940034558
-0.062499999982111934

Minimizing witness W5_9
0.015985062375499674
-0.06184326618087797
-0.062496778954262824
-0.06249937808403781
-0.062499999999999986
0.0331579130717462
-0.043171977269460024
-0.06161391583489985
-0.062493971242094465
-0.062499948105002895
-0.06249999999999999
0.08332958188963419
0.06254014174099845
0.06250000000001285
-0.01712966491289719
-0.04590519082630545
-0.062441396107254674
-0.06249235707076325
-0.062499999999865795
0.12341192845282827
0.07470598941124817
-0.050239794413808894
-0.062450880571995895
-0.06249997174706412
-0.06249999999999884
-0.056378971511244755
-0.06244923840956121
-0.062499911179709045
-0.06249999999999777
-0.012595502805931809
-0.051587047796238746
-0.05632937500042833
-0.062499989512678475
-0.06249999924322545
-0.0625
0.06069371613143152
-0.05326024965335346
-0.062362471160401736
-0.062499795925469954
-0.0624999999999552
0.11970177525245893
-0.04547066495154828
-0.04889925184715524
-0.061564991020161275
-0.0624999794570326
-0.06249999967029283
0.09121007175937895
0.08113402778340585
0.07568486484225911
0.0667942007355212
0.06263559998305868
0.06250044941274044
0.06250000000082886
0.09277359644389067
0.06330566660051867
0.06307610627468467
0.06250015183964494
0.06250000000560797
0.013774690928537146
-0.0617276638918199
-0.06233304281268638
-0.0624999996372519
Minimizing witnesses for adjusted theory data...

Minimizing witness W3_1
0.0385736798447697
0.031754165046623775
0.03120638943267784
0.031203977077049454
0.08988923257057
0.031208048058364826
0.031203977084024236
0.07975133867663386
0.032940308160936814
0.0312125862030359
0.031203980947891584
0.0312039769953244
0.03970283454017777
0.032148010302108454
0.03120875292318209
0.031203977471334843
0.031203976995324356
0.039614490255588684
0.032110692975732304
0.031208524943357924
0.031203977413288893
0.07846929014457722
0.03182330626369685
0.031204045471331446
0.03120397699876821
0.07871369483551334
0.03198731578078301
0.031204169772741458
0.031203977011095715
0.03272636263771406
0.03120690733966443
0.031203977812708117
0.031203976995324362
0.08965129483736106
0.031414963858358506
0.03121317313648902
0.031203977071463627
0.06843748930684701
0.036011851560634175
0.03245286211584904
0.031204972525773776
0.03120397718709253
0.0904359844996716
0.03120419661613904
0.031203976997578164

Minimizing witness W3_2
0.04723664670940429
0.028773152231882183
0.06945051404259683
0.028773152231882176
0.03443569363758111
0.028773152231882176
0.08030864610694843
0.03245967054496408
0.028773152231882176
0.0297544409106212
0.028773152231882183
0.03306763018315937
0.028773152231882183
0.08533515359749587
0.028773152231882176
0.08840154543469317
0.028773152231882176
0.031178749538822624
0.028773152231882183
0.08122289703952706
0.034387029676702326
0.028773152231882176

Minimizing witness W3_3
0.0349043051666775
0.029010816843843663
0.028749145620136262
0.02874829465992399
0.031138125789842545
0.028759592568174393
0.028748301589346322
0.028748294653807422
0.05271782302838029
0.030987347082625658
0.030485268726750114
0.028752425477783672
0.028748296028902554
0.028748294653807325
0.06469509663020388
0.03857086086242988
0.029852023149433495
0.028755317298611496
0.028748295522464145
0.02874829465380734
0.04487695280984081
0.028752273024579597
0.028748496644849717
0.02874829465380765
0.08049368014483066
0.031248102080058657
0.028807168332051613
0.028748356143022305
0.02874829465383119
0.07942352631809126
0.029952399304965974
0.028750015885710942
0.028748294977762007
0.04694242140357073
0.02877291996337987
0.028750093497400712
0.02874829465387598
0.08659592705696167
0.029990696321171587
0.028807382830851956
0.02874831105941536
0.028748294653813847
0.032278053712452334
0.02878805799741275
0.02874834511228008
0.028748294653816064
0.09044102320136375
0.028766903955088803
0.028748884413431444
0.028748747793219082
0.02874829465380788

Minimizing witness W3_4
0.08741446724799348
0.031249999999999986
0.031247080756504335
0.03195186565379113
0.031249999999999986
0.07939666478564932
0.033709622698944175
0.031249999999999986
0.031249358148109654
0.03124708075579665
0.03309819987722019
0.031249999999999986
0.031249358148109654
0.03124708075579665
0.08058449218087903
0.03568458863553668
0.031249999999999986
0.08890930399694551
0.031249999999999986
0.0312470807676428
0.07593750584852024
0.031288289857357154
0.031249999999999986
0.06588393698011408
0.031249999999999986
0.059562481000601866
0.043632263911068614
0.031249999999999986
0.061691819352454116
0.04542393834258958
0.031249999999999986
0.031249358148109654
0.03124708075579665
0.031249358148109654
0.03124708075579665

Minimizing witness W3_5
0.08992311959266551
0.0892617086522477
0.08923692073003284
0.08920915390139891
0.08920911243019936
0.09071904342663555
0.09044753630917625
0.08995696812047078
0.08926775539997764
0.08924019495773418
0.08920917081040204
0.08920911243368393
0.08945643693762587
0.08923004733147687
0.08920924463025212
0.08920911243344494
0.09057618195911657
0.0892130114043603
0.08920911244791499
0.0897575724063597
0.08921091697154789
0.08920930430870673
0.08920911242516434
0.08926091715605455
0.08920921255751271
0.08920911246729457
0.0896787779822349
0.08920946959038789
0.08920913563646331
0.089209112425118
0.09016931208076294
0.08936444112719956
0.08920926051536351
0.08920911314997107
0.09071880628838695
0.08920933909628942
0.08920911242516602
0.09044548969845305
0.08921525814049941
0.08920911243537645

Minimizing witness W3_6
0.028700997067849926
0.028582022795352904
0.028581567722377396
0.031266606947161574
0.031249999999999986
0.02862722460755074
0.02858158992961094
0.028581567392778413
0.030885933882111433
0.028904352858280326
0.02859643207075195
0.028593090844076147
0.028581567890270117
0.030972433556994257
0.02861434260114743
0.028581582309493897
0.028581567391206524
0.031012617374305444
0.028626757013356475
0.028581649569570575
0.028581567400409118
0.029641730989437957
0.028636018500141188
0.028593730558091904
0.028581567950938684
0.029133651680340707
0.0286835681180172
0.028582313943170887
0.02858156776317498
0.029619509399786994
0.0286177901671166
0.02858841991314429
0.028581567549303136
0.030562749873677547
0.02860137849508556
0.028581567417147315
0.031247950013119218
0.02859541975559337
0.02858159140960146
0.02858156739055561

Minimizing witness W5_1
0.05804221049584758
0.005591852965084176
0.0016636216571235779
0.0016411499409043312
0.0016282370840930791
0.0016282069306708478
0.023983500179472227
0.0024280138185428365
0.0016549558476247886
0.0016282680254372927
0.0016282084969878043
0.0016282069306690992
0.0283025002507787
0.0019786557502404524
0.0017906925808943842
0.001628612630845143
0.0016282299783804692
0.001628206930890958
0.03617455987092207
0.0016634838453709487
0.0016376709525973434
0.0016350414839084474
0.0016282069532635008
0.06928958251374873
0.0119372301046558
0.001723802600858418
0.001663309607898563
0.0016283836239944177
0.0016282069308169332
0.06926195482116512
0.012311815411447536
0.002898038425599235
0.0016675053094949907
0.0016283548137015866
0.0016282084388923805
0.0016282069310533881
0.021309736328134963
0.003110186031411723
0.0018322425529855486
0.0016287952491661753
0.0016282120542095565
0.0016282069311997862
0.07545630088658203
0.058894178542114956
0.05317441412119799
0.00185480118696416
0.001818380498886071
0.0017112305071047215
0.0016282070788554
0.059377112536901186
0.04530989828907919
0.016499659914900315
0.012975712189667348
0.001741446598736251
0.001646078045776985
0.001628904692395038
0.0016282069308157564
0.10395247310040272
0.03340280634148907
0.015247014253901386
0.00424534948283349
0.0020463966231508363
0.001633770217181231
0.0016284058749354837
0.0016282072274761315
0.08777004444230439
0.02593564117935002
0.0026937050224409686
0.0024722904541380317
0.0017677963957754008
0.0016587343795971148
0.0016282159310345014
0.0016282069430372166
0.02865157396064464
0.014554761334347788
0.0019237001301744025
0.0016557923095972555
0.0016282600158782554
0.0016282070535105356

Minimizing witness W5_2
0.061052980622458404
0.05920026725346688
0.059175937838679575
0.055578594817194904
0.03201315219443225
0.028773152231882176
0.020952415527738237
0.011405436666282524
-0.0016237002503288174
-0.0016510790079362547
-0.0016512318454088531
0.07211896645226253
0.009027279504549944
-0.00080707608339475
-0.0016487691018370477
-0.001651210456420226
-0.0016512318454118672
0.02109458761774856
-0.0010110801525560916
-0.0016511086027080708
-0.0016512278408873171
-0.0016512318454118742
0.05542027977272555
0.018232445556272608
0.003784782338920885
-0.0014126555646249545
-0.0016510905476112788
-0.001651231845181041
0.04564703662789539
0.028773152231882176
0.047225845422480886
-5.503440943417648e-06
-0.0007246579917649563
-0.0016509906414222144
-0.0016512318393124771
0.049585005358255586
-0.001651192029647704
-0.0016512200404848634
-0.0016512318454118568
0.08999740730845378
0.06710802976193832
0.0587915582032601
0.039433181495264744
-0.0005541592975611314
-0.0014972533541661214
-0.0016510559316198178
-0.0016512318452926126
0.041099718518350495
0.002116904974521091
0.000478463832862899
-0.0016481441475166131
-0.001651231445727366

Minimizing witness W5_3
0.00624419018376661
0.00061170372764647
0.00020854031876231202
6.259378640736149e-05
-0.0006108300306562728
-0.0015343575861663848
-0.001650749727876956
-0.0016530392094663729
-0.0016532508560281986
-0.0016534127204315715
-0.0016545395938887008
-0.0016619871153099263
-0.0016674752241159952
-0.0016678820111491667
-0.0016715486593427789
-0.0016716263355177124
-0.001671932443977918
-0.0016719367229777208
0.0957742155220698
0.03199148715890879
0.010711876824608205
0.0032859105994710617
0.002116062082140647
0.0017498943152487573
0.0016450193284465113
0.0016232712443948261
0.0016022080483199031
0.0015806475025561153
0.0015600352961270252
0.001345762134444285
0.0011242734696977651
5.295472048541896e-05
-0.001455085489159486
-0.0014972426324130407
-0.0016229679467502497
-0.0016718931829158607
-0.0016719218442295303
-0.0016719294102398858
-0.001671931428253261
0.01863907797282326
0.003613889562071107
0.0016629813691252673
0.001651242885281148
0.0016512319021077043
0.096191529593551
0.003588898103419831
-0.0014081513867253421
-0.0016509103058255513
-0.001651231844880101
0.005275552353012584
0.0017895267322325127
0.0016711722184832953
0.0016521227688165128
0.0016512353742101932
0.0016512318455267642
0.03473231853753127
0.0013258636294901593
-0.001633940509557698
-0.0016729820141616312
-0.0016732552463638124
-0.0016732585511112035
0.11740122923586276
0.01779223003964174
0.014137585710865742
0.002103618973377681
0.001689296425534459
0.0016512604455238015
0.0016512318454126736
0.048980099268616864
-0.0016425072007917104
-0.0016504454640650817
-0.0016512318454109387
0.05335115978504798
0.017871624499049613
0.00478942031167335
-0.0016338920801155657
-0.0016701920777686028
-0.0016735755475115698
-0.0016736179315374959
0.0142734899917038
0.0005373278680642469
7.926292851722117e-05
-0.00010049392221887806
-0.00044086781292166114
-0.001292583377200829
-0.001639667007082793
-0.0016512133295796942
-0.0016512318454118323
0.08777524234698389
0.025953074091160818
0.002654591823884502
0.00245463047479809
0.001785992004057366
0.0016568035943046817
0.0016512318500754748
0.023392484385359995
0.007109878279611616
-0.0016328979861466187
-0.0016729873754738926
-0.0016733803419930037
-0.0016734302952881852

Minimizing witness W5_4
0.042237555998375524
0.009845817646771907
-0.0007938686881764148
-0.0008054778221324305
-0.000841240417723009
-0.0008424930749221932
-0.0008425315946209502
0.009370854906427278
0.0002619479342370057
-0.0007271655791769721
-0.000842401989228532
-0.0008425316261180191
0.0001301933529764404
-0.0008265511967945616
-0.00083988930890843
-0.000842531669461348
0.03358396890861197
-0.0007537596423308687
-0.0008043826929650666
-0.0008421706404094162
-0.0008425166047385246
-0.0008425316674567501
0.05125597768946642
0.033146882138392016
0.03219231946076186
0.02877315223188219
0.028748326081522686
0.028748294653809417
0.09551168104909517
0.0006467131635636073
-0.0006510278243137269
-0.0008310967363993754
-0.0008418746102657679
-0.0008425307028362417
-0.000842531669609313
0.05792550126189364
0.042256289578434414
0.02877315223188219
0.028748294889704835
0.10738441162575817
0.0245562208937293
0.009419352779977925
0.00013967064494014442
-0.0007863737846719315
-0.000842356615719686
-0.0008425290759243656
-0.000842531668934457
0.06442934123493459
0.05907543483808154
0.029230841925220893
0.0027610301783538155
0.002012266000641319
-0.0008015400664150782
-0.0008418885189496808
-0.0008425316679501124
0.057787176043062174
0.028899148120590835
0.02877315223188219
0.028748294677169384
0.09044102320136375
0.028773152231882176
0.02874506275078224
0.008307123843607139
0.0004661698269154968
-0.0008347364131845725
-0.00083777411145778
-0.0008425260181612326
-0.0008425316263976634
0.02876739584174881
0.0287482946587036

Minimizing witness W5_5
0.05670806616480757
0.015576968447524802
0.0037348203935525792
0.0008541706680246716
0.000821292883522888
0.0008198990974770046
0.000819898719577862
0.06196612196060793
0.0335036239597114
0.00815313712149104
0.0020246610023009967
0.0008218976033902425
0.0008203382194936978
0.000819904476022662
0.0008198987189743726
0.05322837964023197
0.020297979173645828
0.0008305067412562109
0.0008281571542269814
0.0008205610373963473
0.000819898718978973
0.024899851645275604
0.016455933134502457
0.0008584230425373665
0.0008328131252168455
0.0008222486826476999
0.0008198995893658259
0.0008198987214887779
0.1162177161031489
0.002744868798241727
0.0013987891076829226
0.0008986629220566061
0.0008336569702400917
0.0008199075235924905
0.0008198987194475149
0.09192357697056394
0.024236264258105992
0.009355357054645491
0.0015602691307818883
0.0008217949280978354
0.00082042782225792
0.0008199042687753594
0.0008198987189743656
0.10397562760855535
0.0054857083424871105
0.0011275459020831519
0.0008351951879391542
0.0008223180528928314
0.0008199060084958867
0.0008198987361701382
0.02304988417185936
0.00123876234194268
0.000983123700569348
0.0008199426944323976
0.0008198998211105604
0.000819898718992601
0.014333004099304797
0.0011039583126972383
0.0009574814215584995
0.0008199115671348664
0.0008198988068804647
0.0965532877702997
0.062008384700335456
0.0593136045983914
0.02683999909838028
0.001612520211862721
0.001603980697882701
0.0008235600587702951
0.0008199000086621389
0.0008198987194327351
0.031249358148109654
0.03124708075579665
0.0896211989563619
0.031249999999999972
0.031246729220162812
0.009833272868615805
0.0022125088960678954
0.0008221933433237294
0.0008213303419214654
0.0008199312513587353
0.0008198994044615118

Minimizing witness W5_6
0.048916105004416996
-0.058662491270301764
-0.05958864811221032
-0.059900975652176836
-0.06000662465746364
-0.060031493649230244
-0.06003166818458277
-0.060031670122243516
0.06474559152714476
-0.03910147785965903
-0.04998407660777064
-0.05717325798748153
-0.05997133465058462
-0.060031609582384515
-0.060031663888828024
-0.060031668230515874
-0.06003167012231074
0.1018559503078072
0.017614878151798276
0.00703697460820938
-0.0005682760934152542
-0.0007870971134327151
-0.0008298451066599891
-0.01611161320104145
-0.04518127675360929
-0.059358362368457526
-0.060028873060435056
-0.06003102207796949
-0.060031380256292
-0.060031663303586946
-0.06003166891824718
-0.060031670120752056
0.024588464561284912
-0.037150054453090046
-0.047293054113124844
-0.049927974123671344
-0.05977665930110806
-0.06002477741487937
-0.060031669058869565
-0.04234058932910384
-0.05989913934485759
-0.060031669063155685
-0.03908324387138057
-0.058198602553037174
-0.05966829311766858
-0.05986776803241747
-0.060031662454859344
-0.06003166906295939
0.1189089407102287
0.1008285354955037
-0.031026655321365504
-0.047785147747036356
-0.06002932129594145
-0.060031663506309264
-0.06003166906315572
0.12038426005670602
0.12005459026341009
-0.018313892376614488
-0.0183141254332779
-0.01896900251461439
-0.05403084794984016
-0.0557085013586363
-0.06003090426369469
-0.06003161248293715
-0.060031669026956155
-0.060031669698337134
0.09898086452808377
0.015830935771264883
-0.03748957260778568
-0.05440398816240008
-0.055897533189906395
-0.05688329314144229
-0.059971481753112836
-0.060027496432783864
-0.06003164152769408
-0.06003166902576475
0.0904359844996716
0.031249999999999986
0.031204624823847373
0.03120397699554733
0.02049369032334217
-0.005353880992198037
-0.05714779508921049
-0.05901549706435281
-0.06002928355636886
-0.0600316514475845
-0.06003166906315572

Minimizing witness W5_7
0.0766103712580514
0.06151193232842296
0.060378557030023663
0.0600139507948169
0.06001211848178044
0.06001179832591484
0.10000022219232238
0.06913716414539951
0.06363890708371575
0.061954776952038375
0.06003572364644462
0.06002112227113722
0.060011798069092334
0.09025745164319252
0.08931165637537021
0.08926921494285767
0.08920951053092571
0.08920911263429503
0.1014211132170151
0.06970764649972569
0.06375067536840565
0.06172941244488146
0.06002086659732844
0.060014639361940694
0.060011798228770535
0.10458851617113087
0.09010449897632049
0.08977896155487766
0.08941449775442933
0.08930761441873301
0.08178674822436109
0.06855634179511738
0.06698286698709026
0.06090007506653636
0.060030499637042184
0.06002031328812489
0.060011798112999844
0.08877776158304303
0.06490999500437114
0.061619862252901045
0.06022945924190179
0.060012711747623064
0.0600118018448181
0.060011798081878176
0.08956943404444033
0.07038400873498406
0.0624673798900737
0.06015099446996297
0.06002040113286908
0.06001237013474024
0.060011802063854605
0.060011798067540076
0.08276147768738035
0.060568032336444394
0.06026779757696906
0.06001414506864346
0.06001227363639003
0.0600117981064487
0.09092002687797973
0.08407933317260001
0.07999442096234068
0.0602274629499348
0.06005758349832916
0.06001382302089976
0.06001182867519124
0.0600117980675404
0.08510523416162112
0.060343021800628366
0.06017922603860179
0.060014178790018656
0.06001224866307924
0.060011798107925445
0.08954474797754179
0.08931973311158505
0.08931972603800385
0.08931968975293773
0.08903770340287744
0.06599165726386536
0.0637429599049327
0.060778941217106135
0.060045749635051354
0.060020357407909404
0.0600118137686222
0.06001179806755526
0.08871950721052492
0.06056761248986415
0.06025397611717609
0.060012553324789726
0.06001180694967351
0.06001179806759162

Minimizing witness W5_8
0.054563954348130925
-0.04648379329327184
-0.05504223698940824
-0.05963938845654131
-0.06003159689729539
-0.060031669063009475
-0.057656371737012255
-0.060029019764464155
-0.060031668867756065
0.0075411693140315685
-0.05216832580178194
-0.057506356798888165
-0.060014423789727246
-0.06003166776721354
-0.06003166906315567
0.08226979241710303
-0.04374224690668689
-0.055918146576964776
-0.05998873294160135
-0.06003166075235149
-0.060031669063155574
-0.043376065075773046
-0.06002881966899149
-0.06003164144927003
-0.060031669063155706
0.0463633371069201
0.029690112797973713
-0.05582334426376454
-0.059881030745733164
-0.060031668818521476
0.06091442506868014
0.028773152231882176
-0.05780431459710976
-0.05958757562138544
-0.0600316596431825
-0.060031669063131135
-0.019758865194181383
-0.05803785566326239
-0.06000298893170269
-0.06003067617432996
-0.06003166906314838
0.08582304561504213
0.02898636286601887
0.0287731522318822
0.10617668626708641
-0.044269414960924965
-0.058406330145801204
-0.06001996918220661
-0.06003166870338765

Minimizing witness W5_9
-0.0401295924160564
-0.06002289152015278
-0.06003137235648931
-0.06003166906315515
0.09065587998089113
-0.050580265705555114
-0.05891484153110091
-0.05967783872966557
-0.06003167096347683
-0.060031673796428674
-0.06003167590475569
0.05215680672862251
-0.02058960678359432
-0.05953605393334203
-0.060030318445829574
-0.0600316488600984
-0.060031683667809414
0.11203037182826849
0.05682464836091498
0.04257775882340448
-0.0064329985952017235
-0.04834123133410699
-0.05447874715657523
-0.05885135003075428
-0.05976309827642107
-0.0598389356224024
-0.05984060695240135
-0.06003061715153746
-0.060032556696100234
-0.06003255722056496
-0.004799122750573488
-0.05398937475735207
-0.05979846938725095
-0.06003158987375477
-0.06003166906310002
0.026583415210404335
-0.03947595539144748
-0.057906322469172794
-0.060028290694382924
-0.06003163253146205
-0.06003166906315571
0.06302138849584554
-0.058021706123032625
-0.06003164716499911
-0.060031669061913706
-0.017353288538899635
-0.056292508301402935
-0.059878171010799806
-0.06003168403382321
-0.06003170825730626
-0.060031708914253065
-0.04955440354795512
-0.05985214084006306
-0.06003140799106235
-0.06003166906304456
0.09156548860275884
-0.05930705936421156
-0.06003156797655629
-0.060031669062409435
0.08953519901753633
0.07176836926715638
0.06007162961861715
0.060025470829039224
0.05999521481485525
0.05999521218437548
0.015095639915567253
-0.05975578809111678
-0.05997327958661842
-0.06003212831295335
-0.060032160477860995
-0.060032182144592376
Minimizing witnesses for experimental data...

Minimizing witness W3_1
0.037644719944049956
0.03562792325128076
0.03562014567610944
0.035620141553196545
0.07510621586053676
0.03569325704961989
0.08609584304760637
0.03569325704961989
0.0356201418246352
0.08713852549290117
0.03569325704961989
0.03562014208559057
0.03562014155319699
0.039079453592043914
0.03566396297129888
0.03562020461308727
0.03562014155321168
0.03622299237575737
0.03562032496346486
0.03562014156227748
0.04766105707689508
0.03569325704961989
0.03687068586068519
0.03562186416190867
0.035620141912458554
0.06551954537221226
0.05015419305100238
0.03569325704961989
0.037226372808496964
0.03569325704961989
0.03567766611806212
0.03562014170570641

Minimizing witness W3_2
0.06854233118161832
0.03553746383625389
0.034602593886435384
0.03390490709716989
0.03390487188571139
0.03513479102525764
0.03390662286639195
0.03390487226514268
0.08758853020809343
0.03390711785820543
0.033904871892430646
0.034807685818487116
0.03390554605905013
0.03390487196331335
0.042733705420820625
0.03526987400955968
0.033912454237111145
0.033904873773985905
0.03390487188311211
0.042039119359549085
0.034890925026106544
0.033910118370220205
0.03390487256067511
0.03390487188311209
0.06963466930257697
0.034948995774896845
0.03449227589684083
0.033904878103671515
0.03390487188343722
0.05638376651090867
0.03618080015082342
0.035730248596189326
0.033910889319532476
0.033904874705446716
0.033904871883112114
0.07879300274513404
0.03785520079482845
0.03412976386953734
0.03408367719829575
0.033904876825588
0.03390487188313532
0.033962482028025494
0.03390487204634662
0.08810531862113506
0.03397841247918059
0.03390538194130193
0.03390487188359789

Minimizing witness W3_3
0.08013707044823012
0.03569325704961989
0.07306329758585348
0.03569325704961989
0.03559469202660959
0.03558127608620416
0.05652903811364898
0.03569325704961989
0.03567095039482806
0.035581276736487706
0.03558127608414084
0.03586143571968788
0.03569325704961989
0.05929314102210113
0.03569325704961989
0.03567095039482806
0.035581276736487706
0.03558127608414084
0.07393127165302725
0.03565757170325724
0.035581276085312655
0.07236633225555197
0.03569325704961989
0.04128797255889181
0.03569325704961989
0.03567095039482806
0.035581276736487706
0.03558127608414084
0.06605053800572115
0.03569325704961989
0.03567095039482806
0.035581276736487706
0.03558127608414084

Minimizing witness W3_4
0.08896655535611253
0.034099380086522385
0.03396761885994418
0.03396755290679697
0.063086762522277
0.04707304529798944
0.034273128047903945
0.03398196109024345
0.03396755301553728
0.0781567875752451
0.03397482347024009
0.03396755290664244
0.03618151090124118
0.033977369583311524
0.033967558739282186
0.033967552906634925
0.04498142194955732
0.036801661793693236
0.03398243606413001
0.03396756745669195
0.0339675529066353
0.09218558893271854
0.09211787954912969
0.09174326702599309
0.03398660162545359
0.033967579845452796
0.03396755290663617
0.038181913275148686
0.03404755778858363
0.033967707698162694
0.03396755290675537
0.05348470991865092
0.03459559208330036
0.03405955527663685
0.03396755474744378
0.03396755290663705
0.06415907761091491
0.04798942513284618
0.0346725393725657
0.034013620487502776
0.03396755459892531
0.03396755290663532
0.09209751696334406
0.033967561254178796
0.03396755290663497

Minimizing witness W3_5
0.0330187113762726
0.03286869553252012
0.03286824159454138
0.03621070507998052
0.03569325704961989
0.03671011751771137
0.03569325704961989
0.03686652730042704
0.032870793839138525
0.032868254512468296
0.03286824132491777
0.035899448976928615
0.03569325704961989
0.036533843485344705
0.03569325704961989
0.03323957100502134
0.032877156570125174
0.0328682693675124
0.03286824132496977
0.03346677481020236
0.03291913355750341
0.032868560149316155
0.032868241344651015
0.036870833702555166
0.03569325704961989
0.03687353638438928
0.032868531590179814
0.032868250374778106
0.03286824758512356
0.03286824132491648
0.03567987797293611
0.03312782617561352
0.03299668767376577
0.03286826489815599
0.032868241335869276

Minimizing witness W3_6
0.08977001272150023
0.08779463749520168
0.0877532594392622
0.0876804059064848
0.08768034398537801
0.09178295459541953
0.08770688819073655
0.0876803441438303
0.08813517625189138
0.08769139268272803
0.08768037884717536
0.08768034397952089
0.0889619605603508
0.0883976370783565
0.08768266039261356
0.08768036905749975
0.08768034397945254
0.09254579194636034
0.09211787954912969
0.09243036650125579
0.08768123492047522
0.08768034398881935
0.08782241214512344
0.08768059071434653
0.08768034406807267
0.08800661886552265
0.08768391040077748
0.08768035024568036
0.0876803439794539
0.0925726510970994
0.09211787954912969
0.08906995990785731
0.08768132791704496
0.08768040747257189
0.08768034397945126
0.09210971363439158
0.08804592733819361
0.08769217094573807
0.08768781565745704
0.08768034404083007

Minimizing witness W5_1
0.06974554892133583
0.06014716808435835
0.03467548391004659
0.029170036006835324
0.006976757179612842
0.004522535333032334
0.00429733479227867
0.004296175014250594
0.053497692034472306
0.013532627869378465
0.004304196844756832
0.004296200869984874
0.004296175012638739
0.07676742954717344
0.028503224609604683
0.0093993712029374
0.004331266277561182
0.004300825753717598
0.004296175012711968
0.08315669197262741
0.058976327875945325
0.03404359764257835
0.009719454694736606
0.00489996115942792
0.004296438643790806
0.004296175015544896
0.060295039231381506
0.010097720458597501
0.004640768542521008
0.004298983567999768
0.004296182866249394
0.004296175012638688
0.06554522493986388
0.048691058088785995
0.03569325704961989
0.08278036007319114
0.027958774224707
0.004824437262403761
0.004358862446546781
0.004296176010660161
0.004296175012638796
0.06516870263142922
0.040063788119565555
0.017916456012544955
0.008472528398868622
0.004301973473496747
0.004296178111587728
0.004296175012638662
0.06901597257490687
0.06590849319701615
0.05766614527616485
0.035733192227578696
0.03569325704961989
0.08564291947907214
0.02409850843679754
0.004432061259396862
0.004337293091023699
0.0042961750698482055

Minimizing witness W5_2
0.044437356068078346
0.0012944958201986227
0.001174109195288656
0.001130643118797993
0.008055094843398567
0.0014794929982680249
0.001130981828539374
0.0011306430369193948
0.08831902178387908
0.024700387581472232
0.011232070838679825
0.002060824404593327
0.001132257176722455
0.0011306430758748199
0.034165291970688454
0.001132618475976107
0.0011315102176722353
0.001130643035718454
0.005850989584320183
0.0018684187506816242
0.0011340744274074151
0.0011306431022773664
0.055544989363167915
0.009556426596123959
0.0038369359074645944
0.0011483959262598323
0.001130646549211958
0.0011306430357180763
0.06290174620437623
0.03900057166714271
0.017081411273604106
0.007495027523707235
0.001139149303094575
0.0011306537968695392
0.001130643035718081
0.06652903656653122
0.05780892952411605
0.03748129193251184
0.03106593329515315
0.011861733954483655
0.003684002387868485
0.0011955152724526536
0.001130652569382531
0.0011306430357193246
0.07026614263540222
0.011986020502988763
0.0012348838610102882
0.0011584871591307521
0.0011306430572293252
0.02111429056054466
0.0011897944449860646
0.001160234002989156
0.0011306430450730084
0.08523694606030256
0.020737255482524846
0.0018005833074932224
0.0011461558011362076
0.0011306431917093255
0.031226110623983973
0.018355503153460125
0.0011774390368475274
0.0011311324480922284
0.0011306430357441982

Minimizing witness W5_3
0.03048396420588513
0.004314103174018118
0.004297604963936384
0.004296175012645874
0.01159210120533177
0.002394874751246513
0.0012619458037601023
0.00114144031188728
0.0011306430452188506
0.11915007096495706
0.025550705208589278
0.023202671875779433
0.007198189303314
0.004297214229059889
0.004274664197557261
0.004274622011513265
0.0042745673584946835
0.004274279934867512
0.004273405322472242
0.0042711514419572025
0.004264367707436212
0.004243862239934443
0.004233883384252965
0.004206981390837116
0.004117719475933453
0.0034861697993129274
0.00055393533031712
0.0003234293203870195
0.0002895803031693642
0.00026987665878035606
0.00023384294961076389
0.00023237686393603216
0.00023227295878419651
0.11555378778481902
0.050168405611351254
0.03101466200783231
0.012751041141778953
0.0014826553806607235
0.001133080671380978
0.0011306430436130968
0.025995033565136473
0.007957178273953496
0.004287280021824762
0.004253140362655695
0.0042530571370073735
0.004252995689728855
0.004252672149939618
0.004251710665787376
0.004249026601639845
0.004085124101501955
0.004084319595492707
0.0038996121619353165
0.0038125639501948114
0.003773504996392497
0.0031923418975942433
0.0031647209446259237
0.00134348848465286
0.0010416895733992198
0.00024488002147677896
0.0002378935023404484
0.0002332013319492007
0.0002323226114861526
0.0002322727538778106
0.11957497332211363
0.06562281234695878
0.06158080445356202
0.04835807024633476
0.04362593588713002
0.02830196953172123
0.006829750404485704
0.0030939093980136114
0.0011310057032540913
0.0011306430788723485
0.02424684003352897
0.00552088255501905
0.004309264123565295
0.00428705629576244
0.004286791024825227
0.004286373384295284
0.004283714637075227
0.004278291843002342
0.004032100275580001
0.004027784268395633
0.003973634806744444
0.0023929533665461213
0.0008241700211387764
0.0006561360642245882
0.00048347087241131176
0.0004184720254124469
0.00023917304551734214
0.00023316181211406497
0.0002324874051285379
0.0002322748379083924
0.00023227281681258388
0.07878329495591067
0.015701285913613656
0.004298011633416095
0.004260425593947189
0.004259960062932589
0.004259939958218184
0.004259827354626286
0.004259589795928241
0.004258898531388744
0.004257064070739832
0.004251265113591068
0.0042004473167888455
0.004199139880350354
0.004159017955558325
0.004065645363456063
0.004054781053252465
0.003996075729599922
0.003925128474099465
0.003711508702267466
0.0030009203094962687
0.0019137085584881946
0.0009825915667777182
0.0006207301420601634
0.0005396349711518295
0.00031512915228369275
0.00027478916878427876
0.0002595543610519589
0.00023242410523695235
0.00023228135151206705
0.00023227314652850967
0.0507751673953253
0.031556937621015524
0.0015295537946427551
0.0012488966493637342
0.0011316211863305493
0.0011306676485851824
0.0011306430357180457
0.0029553733178445925
0.0011089935064092424
0.0011068162396830929
0.0011053070695002702
0.001105267108888795
0.0011047803000591642
0.001103599150382701
0.0011002657164621663
0.001089852162458608
0.001042599031080465
0.0009573146525477488
0.0009217858289413097
0.0009073940307631886
0.0009011398828403247
0.000898304753246741
0.0008969846720414646
0.0008963591414982281
0.0008960592270260124
0.0008959142813460179
0.0008958438460768285
0.0008623156674970442
0.00028391375059884784
0.00026756988366662213
0.00023426678036825082
0.00023236155833371535
0.00023227491275179557
0.0002322728222863659
0.03297606537652777
0.01822020159656121
0.004347722313782577
0.004296508539081289
0.004296175012663157

Minimizing witness W5_4
0.05915304958004808
0.006390879095084248
0.00548192637746947
0.0018714369588597457
0.0018700102316880907
0.07537412403641722
0.057396714000633134
0.008652432715245684
0.006510281602676922
0.001870228632425773
0.0018700098057440814
0.057955989023538594
0.04299062310510511
0.03768781405495578
0.035693257049619904
0.007651579778910844
0.0026237409922628824
0.0018705069693631532
0.0018700096624768778
0.08898398604180056
0.003869538932175502
0.002261284493369292
0.0018701139995826246
0.0018700096536766533
0.003342297660324345
0.002085552363811631
0.0019508850381952936
0.0018700099558378522
0.04076589192056284
0.025762724245319626
0.004421660590387483
0.001963148114433509
0.0018734025530126944
0.001870009653792866
0.04344452857075927
0.0029502521265956233
0.001897286401494093
0.001870009653197717
0.06201403289722274
0.03646134948367243
0.003650888170567232
0.0019357655356583917
0.0018700139400605609
0.001870009653196239
0.028402396608119204
0.0027945049643618436
0.002198934168429645
0.0018700322100659583
0.001870009653271408
0.03281504096939189
0.021545484499381783
0.0019103829398241581
0.0018705883142107957
0.0018700096532182353
0.08518385891411012
0.020352608509994638
0.0030629235225997087
0.0018974257414298215
0.001870010531488775
0.0018700096531957047

Minimizing witness W5_5
0.066079149902178
0.02390561080262321
0.007782374859691944
0.00604073366279121
0.005757631489823355
0.005757554421885018
0.06387751323413535
0.01117234273534036
0.005945609476015794
0.0057580705007852714
0.0057575552328548996
0.07795799840549861
0.02508716976562316
0.005871316951231324
0.005770793442124625
0.0057575544321201155
0.05216084006511462
0.034050292387850616
0.006037941505271739
0.005766939944967964
0.005757554438408412
0.011324970567507087
0.0064379564947042375
0.005994749282223322
0.005757563966346163
0.005757554421696363
0.038936478147811954
0.037608033226047166
0.03405029238785063
0.10824337784073945
0.006436550666510769
0.005757558805757922
0.0057575544217456365
0.11426126995410255
0.03855787980762658
0.015905218942015083
0.0080416132508516
0.005760071681951799
0.005757554850029392
0.09589853876322747
0.07916498577561291
0.034050292387850616
0.01654354881700539
0.007532175953825403
0.005760398161127424
0.005757554707558038
0.07005984086885825
0.03452278235230497
0.023959518998107433
0.0089258665372791
0.006197096354855457
0.005760176912541187
0.0057575544363812695
0.08964004144568816
0.006807532190519036
0.005757566212600117
0.005757554422127824
0.0316433801291115
0.015599672481248696
0.005806212963233262
0.00575771243355893
0.0057575544216890776

Minimizing witness W5_6
0.12315646805155146
0.05653064736701184
-0.04108558687820463
-0.05586931509024472
-0.05590282881104532
-0.05591513103266836
-0.05591513182134486
0.08865136208857655
-0.01130452794084321
-0.013813914020237093
-0.03512401952300244
-0.04509329072232844
-0.05553108586248274
-0.05591350201434643
-0.055915131801188137
0.08057400954872901
0.0629564483315049
0.04795890432926936
0.035693257049619904
0.09857464022340674
-0.011550241033981737
-0.02854605158364673
-0.048835447764530866
-0.05564358553166868
-0.05582926294025917
-0.05586947237355691
0.008700493359785358
-0.043335389541140315
-0.053357775631805306
-0.05499385664095992
-0.05591495214720467
-0.05591518064798708
-0.05591521232563036
-0.031438047227343446
-0.05288760465216806
-0.05586029476755654
-0.05591512965890527
-0.05591517585443396
-0.05591521238506989
0.11191515280350613
-0.010046784786878662
-0.019907410539204383
-0.05330762756631313
-0.054661936269287226
-0.05591272202268473
-0.05591503082718648
-0.0559151091815179
-0.0559152123545172
0.01044113817284615
-0.02365291833110003
-0.04078954100645396
-0.05122068126659824
-0.05538373493468082
-0.05590857572945816
-0.055915076795875235
-0.0559152079922831
-0.0559152123784616
0.043579917802177626
-0.027962108624891846
-0.043272327066858025
-0.05365863459719532
-0.0558850690471972
-0.05591417661082002
-0.055915070538895995
-0.05591521237901663
0.06071096717714816
0.02276859626041644
-0.020565841310433465
-0.03605100032707828
-0.0487008006442841
-0.055513366255484406
-0.05591498817231026
-0.05591520924282041
-0.055915211708691626
-0.05591521238520014
0.03281504096939189
0.021545484499381824
0.001910831754962622
0.0018705944198590396
0.0018700096532189014
0.09110630225246774
0.07115820586634647
0.058487340710839164
0.058281195402635745
-0.04953461079705113
-0.05284087199922463
-0.05471428151571436
-0.05567275304048669
-0.05591496079928282
-0.0559151014251109
-0.05591521237988273

Minimizing witness W5_7
0.06453525124490177
0.0345778944530197
0.03339491244874016
0.032868243150856166
-0.053618247735009415
-0.05534351027997925
-0.05549130370172389
-0.05586270653343242
-0.05588058186408092
-0.05588786829332957
-0.055887870710229035
-0.0009645927388562889
-0.05234815150555086
-0.05453133324326203
-0.05588329745431229
-0.05588718865647922
-0.05588787020570229
0.0597858955761203
-0.024726919172936936
-0.04684400885413088
-0.05584254412415679
-0.0558864987404737
-0.05588786015622825
-0.0558878706581829
0.07945310849979698
-0.021143583987873936
-0.05024908986898316
-0.05537618732039434
-0.05588606492895902
-0.05588779789128899
-0.055887870544388554
-0.05209860034541087
-0.055217229078780614
-0.05569488252697857
-0.05588783818513343
-0.05588787070899377
0.03399440963908394
0.03257532471314502
0.016656915480842034
-0.03400530673916269
-0.05265056224727967
-0.05573532820058022
-0.055883645693351414
-0.05588785184832411
-0.05588787066147652
-0.055349344831817276
-0.05578722182677385
-0.05584718987123479
-0.05588786706750553
-0.05588787070489219
0.046042790865139335
0.03291017883428014
-0.02347842074256179
-0.02461644038421657
-0.03632701296340159
-0.05385016521086475
-0.055858247496056085
-0.05588786932351231
-0.055887870708083646
0.044768617045064435
-0.013522584127132538
-0.04738233121537416
-0.05496021606479909
-0.05586909384167221
-0.05588787003173398
-0.05588787070874997
0.033184455159543706
-0.04194169513875215
-0.05146926549525069
-0.05571222077587473
-0.05588777163680273
-0.05588787054164994
-0.055887870709882784
0.02745471239816521
-0.05392505907341946
-0.05494421290921507
-0.05586472454071853
-0.055872241776215525
-0.05588787069179128
0.025818550329906202
-0.05423517875950834
-0.05512300952819588
-0.055863918724221584
-0.05587885951468273
-0.055887870680895645

Minimizing witness W5_8
0.08737769321408305
0.07442462398896191
0.05868134506449606
0.058631634654280736
0.05827388748392594
0.058241955336273646
0.05824195440348569
0.10382155061626336
0.09086991196488424
0.08853038726323155
0.08813857101339975
0.08770240635801539
0.08768049789633042
0.0876803439806664
0.08376659227667438
0.05946163719699382
0.05842662712827486
0.05834045205010646
0.058241988312698736
0.05824195467352737
0.10609442921510087
0.05836929741127099
0.05831262387314788
0.058249157803868065
0.05824220656862459
0.058241954689849884
0.0768233830230116
0.05827441024784552
0.05824398770529492
0.05824198949889911
0.058241973853077555
0.05824195440340018
0.07850839883486568
0.06097027983963914
0.059395286435042785
0.05826046172846049
0.058246885066585596
0.058241969263258545
0.05824195452517156
0.08724134144973321
0.06075141509647609
0.05863046671452429
0.05826303804582411
0.0582420791081818
0.05824195440339497
0.08872778524858686
0.07055409706342852
0.05827431818807349
0.058244209606509695
0.05824274154819206
0.05824213723381665
0.05824195508625371
0.05824195440664034
0.06885715299843297
0.05830173695988594
0.05825989028687446
0.058250076476772814
0.0582419544422451
0.09094249718222294
0.07438042352604193
0.058496572725791646
0.05834146003733377
0.05824231596198723
0.05824199105552342
0.05824195440381519
0.09210971363439158
0.08804592733819361
0.08626260221478059
0.05864840084400983
0.05859967782634905
0.058296174092192746
0.05824196298033978
0.05824195778448159
0.05824195440339114
0.08813046983057068
0.08769100825167134
0.08768037704122963
0.08768034397952836

Minimizing witness W5_9
-0.04389139620179673
-0.05539713085868962
-0.05586800351204538
-0.0558696318977072
-0.055869688317667573
-0.055869690844801374
0.05471281680309011
-0.04106807727184842
-0.05072601130479827
-0.05586652740029433
-0.05586947133491679
-0.055869472382852836
0.0067579023186705375
-0.04500195899198453
-0.04725752343317845
-0.05583358384156599
-0.05586971027845816
-0.05586980460019508
-0.0558698161563324
0.07972191337739039
-0.028282471994234608
-0.05586915223689581
-0.05586933447363752
-0.05586947894231137
-0.05586948536558896
0.03042331143927806
-0.04934288355054434
-0.05577509780336788
-0.0558673978745687
-0.05586999166947524
-0.05586999285229573
0.09331420243917382
0.061096366545493344
0.0584197276647288
0.05827462945829659
0.05827385641701296
0.08800105459038869
-0.05157509585259562
-0.054373940427746986
-0.05586936946931207
-0.05586947237976536
-0.04389630756299327
-0.05526183075909988
-0.05586631929342749
-0.05586947236926215
0.11432945216420287
0.09164388623225686
0.0893513027036452
0.059488262190139626
0.05840522516256976
0.05826830943822171
0.05826734767607834
0.05826723211390531
0.015824787371291185
-0.04719198305007784
-0.04980431877910899
-0.055868575002083726
-0.055869471924138533
0.027467871738786048
-0.05391697459496457
-0.05527831833977953
-0.05586942260561187
-0.0558695526365393
-0.05586995762444883
0.09009373636708083
0.05912604337544965
0.05868081096595877
0.058196528125810706
0.020734833304457734
-0.04553495362793358
-0.055176318722699305
-0.055868875468296775
-0.0558694723791818
