start,stop,num_samp,samp_period,C_UV_HWP,C_QP,C_PCC,B_C_HWP,B_C_QWP,B_HWP,B_QWP,A_HWP,A_QWP,A,B,Ap,Bp,C4,C5,C6,C7,A_SEM,B_SEM,Ap_SEM,Bp_SEM,C4_SEM,C5_SEM,C6_SEM,C7_SEM,note
2025-05-20_14-15-28,2025-05-20_14-15-31,3,1,-65.41531250000003,-35.003069196428555,1.0080915178571423,67.49246651785714,44.994977678571416,0.0012214355468813665,135.00248046874998,22.499841537475586,-0.0014415507316698495,22587.666666666668,25538.333333333332,0.0,507.6666666666667,1261.0,0.0,0.0,0.0,29.47503651868438,108.8765866066305,0.0,3.333333333333334,17.52141546793523,0.0,0.0,0.0,
2025-05-20_14-15-32,2025-05-20_14-15-35,3,1,-65.41531250000003,-32.778180803571445,1.0080915178571423,67.49246651785714,44.994977678571416,0.0012214355468813665,135.00248046874998,22.499841537475586,-0.0014415507316698495,23885.0,26987.0,0.0,524.3333333333334,993.3333333333334,0.0,0.0,0.0,93.11462470167258,41.186567389542596,0.0,13.370780746754384,9.386751893552484,0.0,0.0,0.0,
2025-05-20_14-15-36,2025-05-20_14-15-40,3,1,-65.41531250000003,-30.55078125,1.0080915178571423,67.49246651785714,44.994977678571416,0.0012214355468813665,135.00248046874998,22.499841537475586,-0.0014415507316698495,25019.666666666668,28188.333333333332,0.0,513.6666666666666,683.3333333333334,0.0,0.0,0.0,166.29926170745452,79.88394359597206,0.0,6.839428176227731,8.293236869749819,0.0,0.0,0.0,
2025-05-20_14-15-41,2025-05-20_14-15-44,3,1,-65.41531250000003,-28.325892857142833,1.0080915178571423,67.49246651785714,44.994977678571416,0.0012214355468813665,135.00248046874998,22.499841537475586,-0.0014415507316698495,25348.666666666668,28470.666666666668,0.0,514.3333333333334,326.6666666666667,0.0,0.0,0.0,91.73209785989732,31.78224521822068,0.0,16.169243780846536,7.881060278357926,0.0,0.0,0.0,
2025-05-20_14-15-44,2025-05-20_14-15-48,3,1,-65.41531250000003,-26.103515625,1.0080915178571423,67.49246651785714,44.994977678571416,0.0012214355468813665,135.00248046874998,22.499841537475586,-0.0014415507316698495,25537.333333333332,28717.333333333332,0.0,504.6666666666667,102.0,0.0,0.3333333333333333,0.0,7.838650677536565,13.715360407627323,0.0,2.6034165586355518,3.0000000000000004,0.0,0.33333333333333337,0.0,
2025-05-20_14-15-49,2025-05-20_14-15-52,3,1,-65.41531250000003,-23.881138392857167,1.0080915178571423,67.49246651785714,44.994977678571416,0.0012214355468813665,135.00248046874998,22.499841537475586,-0.0014415507316698495,25761.333333333332,28683.0,0.0,514.0,66.33333333333333,0.0,0.0,0.0,75.3355456902281,180.92263539977523,0.0,14.0,4.702245326555296,0.0,0.0,0.0,
2025-05-20_14-15-54,2025-05-20_14-15-57,3,1,-65.41531250000003,-21.673828125,1.0080915178571423,67.49246651785714,44.994977678571416,0.0012214355468813665,135.00248046874998,22.499841537475586,-0.0014415507316698495,25702.333333333332,28478.0,0.0,499.3333333333333,172.33333333333334,0.0,0.0,0.0,26.180993954478595,81.4125297481905,0.0,12.679817734406823,4.977728174356026,0.0,0.0,0.0,
2025-05-20_14-15-59,2025-05-20_14-16-02,3,1,-65.41531250000003,-19.446428571428555,1.0080915178571423,67.49246651785714,44.994977678571416,0.0012214355468813665,135.00248046874998,22.499841537475586,-0.0014415507316698495,26133.333333333332,28582.0,0.0,508.6666666666667,386.0,0.0,0.0,0.0,38.25499241202964,119.70937028208499,0.0,7.31057073315377,2.886751345948129,0.0,0.0,0.0,
2025-05-20_14-16-03,2025-05-20_14-16-07,3,1,-65.41531250000003,-17.219029017857167,1.0080915178571423,67.49246651785714,44.994977678571416,0.0012214355468813665,135.00248046874998,22.499841537475586,-0.0014415507316698495,26249.0,28716.666666666668,0.0,499.0,646.3333333333334,0.0,0.0,0.0,67.02238432046417,60.289118236857455,0.0,13.650396819628847,11.3480296870328,0.0,0.0,0.0,
2025-05-20_14-16-07,2025-05-20_14-16-11,3,1,-65.41531250000003,-15.001674107142833,1.0080915178571423,67.49246651785714,44.994977678571416,0.0012214355468813665,135.00248046874998,22.499841537475586,-0.0014415507316698495,26476.333333333332,28940.333333333332,0.0,510.6666666666667,918.3333333333334,0.0,0.3333333333333333,0.0,107.17016583193498,89.81524245793572,0.0,10.170764201594904,12.414149633024048,0.0,0.33333333333333337,0.0,
