start,stop,num_samp,samp_period,C_UV_HWP,C_QP,C_PCC,B_C_HWP,B_C_QWP,B_HWP,B_QWP,A_HWP,A_QWP,A,B,Ap,Bp,C4,C5,C6,C7,A_SEM,B_SEM,Ap_SEM,Bp_SEM,C4_SEM,C5_SEM,C6_SEM,C7_SEM,note
2025-05-20_14-14-31,2025-05-20_14-14-35,3,1,-65.41531250000003,-35.003069196428555,1.0080915178571423,67.49246651785714,44.994977678571416,0.0012214355468813665,45.000283203124994,22.499841537475586,-0.0014415507316698495,22895.333333333332,25039.0,0.0,504.3333333333333,128.33333333333334,0.0,0.0,0.0,25.36620674134082,42.146569650842686,0.0,9.207484877955421,8.110350040397627,0.0,0.0,0.0,
2025-05-20_14-14-36,2025-05-20_14-14-39,3,1,-65.41531250000003,-32.77315848214283,1.0080915178571423,67.49246651785714,44.994977678571416,0.0012214355468813665,45.000283203124994,22.499841537475586,-0.0014415507316698495,23798.333333333332,25798.333333333332,0.0,493.6666666666667,440.6666666666667,0.0,0.0,0.0,133.7676260452348,123.26980345747472,0.0,7.31057073315377,14.169607537888188,0.0,0.0,0.0,
2025-05-20_14-14-41,2025-05-20_14-14-44,3,1,-65.41531250000003,-30.55078125,1.0080915178571423,67.49246651785714,44.994977678571416,0.0012214355468813665,45.000283203124994,22.499841537475586,-0.0014415507316698495,25010.0,27123.666666666668,0.0,501.0,858.0,0.0,0.0,0.0,38.81151032017865,146.31283075808642,0.0,8.736894948054106,12.503332889007368,0.0,0.0,0.0,
2025-05-20_14-14-45,2025-05-20_14-14-48,3,1,-65.41531250000003,-28.333426339285722,1.0080915178571423,67.49246651785714,44.994977678571416,0.0012214355468813665,45.000283203124994,22.499841537475586,-0.0014415507316698495,25384.666666666668,27439.0,0.0,498.6666666666667,1213.0,0.0,0.0,0.0,32.68706845901671,52.271725945613596,0.0,6.385748020222672,6.000000000000001,0.0,0.0,0.0,
2025-05-20_14-14-49,2025-05-20_14-14-52,3,1,-65.41531250000003,-26.116071428571445,1.0080915178571423,67.49246651785714,44.994977678571416,0.0012214355468813665,45.000283203124994,22.499841537475586,-0.0014415507316698495,25588.0,27707.0,0.0,506.6666666666667,1426.0,0.0,0.0,0.0,209.87933040996043,130.35464446399038,0.0,17.188497445804988,10.016652800877813,0.0,0.0,0.0,
2025-05-20_14-14-53,2025-05-20_14-14-56,3,1,-65.41531250000003,-23.888671875,1.0080915178571423,67.49246651785714,44.994977678571416,0.0012214355468813665,45.000283203124994,22.499841537475586,-0.0014415507316698495,25804.0,28237.666666666668,0.0,524.0,1466.0,0.0,0.3333333333333333,0.0,73.61385739111897,104.19906162938534,0.0,27.62245463386627,8.386497083606082,0.0,0.33333333333333337,0.0,
2025-05-20_14-14-58,2025-05-20_14-15-01,3,1,-65.41531250000003,-21.661272321428555,1.0080915178571423,67.49246651785714,44.994977678571416,0.0012214355468813665,45.000283203124994,22.499841537475586,-0.0014415507316698495,25661.666666666668,28231.666666666668,0.0,522.3333333333334,1339.3333333333333,0.0,0.3333333333333333,0.0,70.93267543554553,14.051492605571994,0.0,15.025903559446194,33.33833295838957,0.0,0.33333333333333337,0.0,
2025-05-20_14-15-02,2025-05-20_14-15-05,3,1,-65.41531250000003,-19.436383928571445,1.0080915178571423,67.49246651785714,44.994977678571416,0.0012214355468813665,45.000283203124994,22.499841537475586,-0.0014415507316698495,26033.666666666668,28691.0,0.0,506.0,1126.0,0.0,0.0,0.0,209.6921023257142,101.63332786706009,0.0,6.027713773341709,14.525839046333951,0.0,0.0,0.0,
2025-05-20_14-15-06,2025-05-20_14-15-09,3,1,-65.41531250000003,-17.229073660714278,1.0080915178571423,67.49246651785714,44.994977678571416,0.0012214355468813665,45.000283203124994,22.499841537475586,-0.0014415507316698495,26151.333333333332,28533.666666666668,0.0,518.3333333333334,859.0,0.0,0.0,0.0,72.22495721317144,84.20675612905283,0.0,24.881943475362032,8.888194417315589,0.0,0.0,0.0,
2025-05-20_14-15-10,2025-05-20_14-15-14,3,1,-65.41531250000003,-14.994140625,1.0080915178571423,67.49246651785714,44.994977678571416,0.0012214355468813665,45.000283203124994,22.499841537475586,-0.0014415507316698495,26313.0,28664.333333333332,0.0,515.0,634.6666666666666,0.0,0.3333333333333333,0.0,94.40868604106298,93.57053192348778,0.0,4.041451884327381,9.597453365925311,0.0,0.33333333333333337,0.0,
