start,stop,num_samp,samp_period,C_UV_HWP,C_QP,C_PCC,B_C_HWP,B_C_QWP,B_HWP,B_QWP,A_HWP,A_QWP,A,B,Ap,Bp,C4,C5,C6,C7,A_SEM,B_SEM,Ap_SEM,Bp_SEM,C4_SEM,C5_SEM,C6_SEM,C7_SEM,note
2025-05-20_14-13-26,2025-05-20_14-13-29,3,1,-65.41531250000003,-34.998046875,1.0080915178571423,67.49246651785714,44.994977678571416,0.0012214355468813665,135.00248046874998,67.49990447998047,-0.0014415507316698495,22174.666666666668,25522.333333333332,0.0,532.0,162.0,0.0,0.0,0.0,73.11254642292556,69.44142215645581,0.0,19.078784028338912,7.211102550927979,0.0,0.0,0.0,
2025-05-20_14-13-30,2025-05-20_14-13-34,3,1,-65.41531250000003,-32.783203125,1.0080915178571423,67.49246651785714,44.994977678571416,0.0012214355468813665,135.00248046874998,67.49990447998047,-0.0014415507316698495,23228.666666666668,26603.0,0.0,519.0,489.0,0.0,0.0,0.0,67.15487903181554,70.70360669725414,0.0,13.316656236958787,4.725815626252609,0.0,0.0,0.0,
2025-05-20_14-13-35,2025-05-20_14-13-38,3,1,-65.41531250000003,-30.555803571428555,1.0080915178571423,67.49246651785714,44.994977678571416,0.0012214355468813665,135.00248046874998,67.49990447998047,-0.0014415507316698495,24431.666666666668,27937.666666666668,0.0,489.0,909.3333333333334,0.0,0.0,0.0,76.7079598940756,66.78655886063036,0.0,11.67618659209133,7.423685817106697,0.0,0.0,0.0,
2025-05-20_14-13-40,2025-05-20_14-13-43,3,1,-65.41531250000003,-28.328404017857167,1.0080915178571423,67.49246651785714,44.994977678571416,0.0012214355468813665,135.00248046874998,67.49990447998047,-0.0014415507316698495,24740.333333333332,28317.333333333332,0.0,528.0,1287.6666666666667,0.0,0.3333333333333333,0.0,67.04807562073981,29.6779004947752,0.0,10.000000000000002,8.333333333333334,0.0,0.33333333333333337,0.0,
2025-05-20_14-13-44,2025-05-20_14-13-47,3,1,-65.41531250000003,-26.111049107142833,1.0080915178571423,67.49246651785714,44.994977678571416,0.0012214355468813665,135.00248046874998,67.49990447998047,-0.0014415507316698495,25033.333333333332,28580.666666666668,0.0,504.3333333333333,1484.6666666666667,0.0,0.0,0.0,85.23366575349074,87.75027698595093,0.0,10.203485243342644,20.95497819400228,0.0,0.0,0.0,
2025-05-20_14-13-49,2025-05-20_14-13-53,3,1,-65.41531250000003,-23.891183035714278,1.0080915178571423,67.49246651785714,44.994977678571416,0.0012214355468813665,135.00248046874998,67.49990447998047,-0.0014415507316698495,25355.333333333332,28456.666666666668,0.0,520.3333333333334,1439.3333333333333,0.0,0.0,0.0,67.35560687706538,85.06141572090394,0.0,12.346839451634755,17.900962109463403,0.0,0.0,0.0,
2025-05-20_14-13-53,2025-05-20_14-13-57,3,1,-65.41531250000003,-21.668805803571445,1.0080915178571423,67.49246651785714,44.994977678571416,0.0012214355468813665,135.00248046874998,67.49990447998047,-0.0014415507316698495,25454.333333333332,28524.0,0.0,528.0,1313.3333333333333,0.0,1.0,0.0,96.45436456918083,32.715949219506584,0.0,7.637626158259733,5.897268670984711,0.0,0.5773502691896258,0.0,
2025-05-20_14-13-58,2025-05-20_14-14-02,3,1,-65.41531250000003,-19.438895089285722,1.0080915178571423,67.49246651785714,44.994977678571416,0.0012214355468813665,135.00248046874998,67.49990447998047,-0.0014415507316698495,25659.666666666668,28579.666666666668,0.0,495.3333333333333,1066.6666666666667,0.0,0.0,0.0,113.57278625523712,50.08770086336344,0.0,9.13479307069648,14.745997573729777,0.0,0.0,0.0,
2025-05-20_14-14-03,2025-05-20_14-14-07,3,1,-65.41531250000003,-17.224051339285722,1.0080915178571423,67.49246651785714,44.994977678571416,0.0012214355468813665,135.00248046874998,67.49990447998047,-0.0014415507316698495,25943.666666666668,28741.666666666668,0.0,527.3333333333334,830.0,0.0,0.0,0.0,46.69879846182103,113.06389540628982,0.0,26.421792352357762,16.09347693943108,0.0,0.0,0.0,
2025-05-20_14-14-08,2025-05-20_14-14-11,3,1,-65.41531250000003,-14.991629464285722,1.0080915178571423,67.49246651785714,44.994977678571416,0.0012214355468813665,135.00248046874998,67.49990447998047,-0.0014415507316698495,26121.333333333332,28682.333333333332,0.0,536.6666666666666,557.3333333333334,0.0,0.3333333333333333,0.0,79.75866375789181,85.97351013215899,0.0,12.333333333333332,10.837178804672574,0.0,0.33333333333333337,0.0,
