start,stop,num_samp,samp_period,C_UV_HWP,C_QP,C_PCC,B_C_HWP,B_C_QWP,B_HWP,B_QWP,A_HWP,A_QWP,A,B,Ap,Bp,C4,C5,C6,C7,A_SEM,B_SEM,Ap_SEM,Bp_SEM,C4_SEM,C5_SEM,C6_SEM,C7_SEM,note
2025-05-20_14-18-39,2025-05-20_14-18-42,3,1,-65.41531250000003,-35.00558035714283,1.0080915178571423,67.49246651785714,44.994977678571416,0.0012214355468813665,45.000283203124994,0.0008581542968499889,135.00031481933593,22443.0,24785.666666666668,0.0,501.0,975.6666666666666,0.0,0.3333333333333333,0.0,60.17751518078271,61.09100679405367,0.0,8.504900548115382,15.495519065559279,0.0,0.33333333333333337,0.0,
2025-05-20_14-18-42,2025-05-20_14-18-46,3,1,-65.41531250000003,-32.76813616071428,1.0080915178571423,67.49246651785714,44.994977678571416,0.0012214355468813665,45.000283203124994,0.0008581542968499889,135.00031481933593,23488.333333333332,25989.0,0.0,539.0,1268.0,0.0,0.0,0.0,47.938618160217246,45.00370355130046,0.0,18.027756377319946,14.84362938547488,0.0,0.0,0.0,
2025-05-20_14-18-47,2025-05-20_14-18-50,3,1,-65.41531250000003,-30.555803571428555,1.0080915178571423,67.49246651785714,44.994977678571416,0.0012214355468813665,45.000283203124994,0.0008581542968499889,135.00031481933593,24877.333333333332,27131.333333333332,0.0,516.6666666666666,1399.6666666666667,0.0,0.0,0.0,51.35605557716095,166.59164978406866,0.0,9.683892697555969,17.371752294393847,0.0,0.0,0.0,
2025-05-20_14-18-51,2025-05-20_14-18-54,3,1,-65.41531250000003,-28.3359375,1.0080915178571423,67.49246651785714,44.994977678571416,0.0012214355468813665,45.000283203124994,0.0008581542968499889,135.00031481933593,25192.0,27544.333333333332,0.0,493.3333333333333,1231.0,0.0,0.0,0.0,94.69424480928079,127.68233150196538,0.0,13.482498944104456,21.000000000000004,0.0,0.0,0.0,
2025-05-20_14-18-55,2025-05-20_14-18-59,3,1,-65.41531250000003,-26.113560267857167,1.0080915178571423,67.49246651785714,44.994977678571416,0.0012214355468813665,45.000283203124994,0.0008581542968499889,135.00031481933593,25410.333333333332,27673.0,0.0,508.3333333333333,964.6666666666666,0.0,0.0,0.0,92.096567676422,60.343461396686,0.0,7.125852775477316,33.38828803304803,0.0,0.0,0.0,
2025-05-20_14-19-00,2025-05-20_14-19-03,3,1,-65.41531250000003,-23.896205357142833,1.0080915178571423,67.49246651785714,44.994977678571416,0.0012214355468813665,45.000283203124994,0.0008581542968499889,135.00031481933593,25647.666666666668,28110.333333333332,0.0,515.6666666666666,609.0,0.0,0.3333333333333333,0.0,73.32651483452476,51.34307266916454,0.0,14.07519488714494,16.64331697709324,0.0,0.33333333333333337,0.0,
2025-05-20_14-19-04,2025-05-20_14-19-08,3,1,-65.41531250000003,-21.661272321428555,1.0080915178571423,67.49246651785714,44.994977678571416,0.0012214355468813665,45.000283203124994,0.0008581542968499889,135.00031481933593,25701.0,28376.0,0.0,507.0,344.6666666666667,0.0,0.3333333333333333,0.0,46.119410230400824,48.49742261192857,0.0,9.71253485622231,7.218802609235905,0.0,0.33333333333333337,0.0,
2025-05-20_14-19-09,2025-05-20_14-19-12,3,1,-65.41531250000003,-19.438895089285722,1.0080915178571423,67.49246651785714,44.994977678571416,0.0012214355468813665,45.000283203124994,0.0008581542968499889,135.00031481933593,25893.0,28663.666666666668,0.0,499.3333333333333,134.33333333333334,0.0,0.0,0.0,26.633312473917574,65.50911726198457,0.0,8.950481054731702,10.867893591267405,0.0,0.0,0.0,
2025-05-20_14-19-13,2025-05-20_14-19-17,3,1,-65.41531250000003,-17.219029017857167,1.0080915178571423,67.49246651785714,44.994977678571416,0.0012214355468813665,45.000283203124994,0.0008581542968499889,135.00031481933593,25872.666666666668,28638.0,0.0,505.3333333333333,66.33333333333333,0.0,0.0,0.0,45.18234660179177,155.94977824073152,0.0,6.641619615057092,3.1797973380564857,0.0,0.0,0.0,
2025-05-20_14-19-18,2025-05-20_14-19-21,3,1,-65.41531250000003,-14.991629464285722,1.0080915178571423,67.49246651785714,44.994977678571416,0.0012214355468813665,45.000283203124994,0.0008581542968499889,135.00031481933593,26063.666666666668,28931.666666666668,0.0,517.6666666666666,59.666666666666664,0.0,0.3333333333333333,0.0,67.68636823204835,109.40800295732993,0.0,8.00694143297621,5.811865258054231,0.0,0.33333333333333337,0.0,
