start,stop,num_samp,samp_period,C_UV_HWP,C_QP,C_PCC,B_C_HWP,B_C_QWP,B_HWP,B_QWP,A_HWP,A_QWP,A,B,Ap,Bp,C4,C5,C6,C7,A_SEM,B_SEM,Ap_SEM,Bp_SEM,C4_SEM,C5_SEM,C6_SEM,C7_SEM,note
2025-05-20_14-19-35,2025-05-20_14-19-38,3,1,-65.41531250000003,-34.99553571428572,1.0080915178571423,67.49246651785714,44.994977678571416,0.0012214355468813665,135.00248046874998,0.0008581542968499889,134.99978076171874,22376.666666666668,25548.333333333332,0.0,535.0,382.6666666666667,0.0,0.0,0.0,70.31437343183192,110.03231848466663,0.0,14.106735979665885,7.055336829505575,0.0,0.0,0.0,
2025-05-20_14-19-39,2025-05-20_14-19-42,3,1,-65.41531250000003,-32.783203125,1.0080915178571423,67.49246651785714,44.994977678571416,0.0012214355468813665,135.00248046874998,0.0008581542968499889,134.99978076171874,23477.0,26852.0,0.0,535.3333333333334,132.33333333333334,0.0,0.0,0.0,36.67878587594379,33.975481355432386,0.0,7.796010375684334,6.887992773257275,0.0,0.0,0.0,
2025-05-20_14-19-43,2025-05-20_14-19-46,3,1,-65.41531250000003,-30.55078125,1.0080915178571423,67.49246651785714,44.994977678571416,0.0012214355468813665,135.00248046874998,0.0008581542968499889,134.99978076171874,24818.666666666668,28196.0,0.0,499.0,62.0,0.0,0.0,0.0,76.39662587080954,49.00000000000001,0.0,21.22105872319601,5.291502622129181,0.0,0.0,0.0,
2025-05-20_14-19-47,2025-05-20_14-19-51,3,1,-65.41531250000003,-28.328404017857167,1.0080915178571423,67.49246651785714,44.994977678571416,0.0012214355468813665,135.00248046874998,0.0008581542968499889,134.99978076171874,25053.666666666668,28371.666666666668,0.0,515.0,217.66666666666666,0.0,0.0,0.0,109.94139853172284,68.35284274345224,0.0,13.0,2.185812841434,0.0,0.0,0.0,
2025-05-20_14-19-52,2025-05-20_14-19-55,3,1,-65.41531250000003,-26.116071428571445,1.0080915178571423,67.49246651785714,44.994977678571416,0.0012214355468813665,135.00248046874998,0.0008581542968499889,134.99978076171874,25309.0,28591.333333333332,0.0,515.6666666666666,507.3333333333333,0.0,0.0,0.0,12.662279942148388,81.35177386579294,0.0,14.169607537888188,14.62114146630754,0.0,0.0,0.0,
2025-05-20_14-19-56,2025-05-20_14-19-59,3,1,-65.41531250000003,-23.888671875,1.0080915178571423,67.49246651785714,44.994977678571416,0.0012214355468813665,135.00248046874998,0.0008581542968499889,134.99978076171874,25741.666666666668,28537.0,0.0,509.6666666666667,884.3333333333334,0.0,0.3333333333333333,0.0,121.70227789340858,26.153393661244042,0.0,2.96273147243853,4.910306620885413,0.0,0.33333333333333337,0.0,
2025-05-20_14-20-01,2025-05-20_14-20-04,3,1,-65.41531250000003,-21.663783482142833,1.0080915178571423,67.49246651785714,44.994977678571416,0.0012214355468813665,135.00248046874998,0.0008581542968499889,134.99978076171874,25640.666666666668,28602.333333333332,0.0,509.6666666666667,1139.0,0.0,0.0,0.0,15.666666666666666,76.93359329823207,0.0,12.25198396632607,18.147543451754935,0.0,0.0,0.0,
2025-05-20_14-20-06,2025-05-20_14-20-09,3,1,-65.41531250000003,-19.44140625,1.0080915178571423,67.49246651785714,44.994977678571416,0.0012214355468813665,135.00248046874998,0.0008581542968499889,134.99978076171874,25878.0,28666.0,0.0,492.3333333333333,1351.0,0.0,0.3333333333333333,0.0,80.1332224070225,56.665686266028764,0.0,4.910306620885413,26.851443164195107,0.0,0.33333333333333337,0.0,
2025-05-20_14-20-10,2025-05-20_14-20-13,3,1,-65.41531250000003,-17.2265625,1.0080915178571423,67.49246651785714,44.994977678571416,0.0012214355468813665,135.00248046874998,0.0008581542968499889,134.99978076171874,25926.666666666668,28809.666666666668,0.0,525.3333333333334,1497.0,0.0,0.0,0.0,80.44943201235861,16.55630125091686,0.0,12.771496040445344,28.583211855912904,0.0,0.0,0.0,
2025-05-20_14-20-14,2025-05-20_14-20-18,3,1,-65.41531250000003,-15.001674107142833,1.0080915178571423,67.49246651785714,44.994977678571416,0.0012214355468813665,135.00248046874998,0.0008581542968499889,134.99978076171874,26162.666666666668,29016.333333333332,0.0,525.6666666666666,1517.0,0.0,0.6666666666666666,0.0,38.476544081354874,39.98471930347615,0.0,6.359594676112971,24.193663082165408,0.0,0.33333333333333337,0.0,
