start,stop,num_samp,samp_period,C_UV_HWP,C_QP,C_PCC,B_C_HWP,B_C_QWP,B_HWP,B_QWP,A_HWP,A_QWP,A,B,Ap,Bp,C4,C5,C6,C7,A_SEM,B_SEM,Ap_SEM,Bp_SEM,C4_SEM,C5_SEM,C6_SEM,C7_SEM,note
2025-05-20_14-17-32,2025-05-20_14-17-35,3,1,-65.41531250000003,-34.998046875,1.0080915178571423,67.49246651785714,44.994977678571416,0.0012214355468813665,135.00248046874998,0.0008581542968499889,45.00018511962891,22354.0,25562.0,0.0,492.0,1063.3333333333333,0.0,0.0,0.0,115.29527310345381,79.77468270071653,0.0,9.451631252505218,13.775985546514551,0.0,0.0,0.0,
2025-05-20_14-17-36,2025-05-20_14-17-39,3,1,-65.41531250000003,-32.77566964285711,1.0080915178571423,67.49246651785714,44.994977678571416,0.0012214355468813665,135.00248046874998,0.0008581542968499889,45.00018511962891,23069.333333333332,27061.333333333332,0.0,480.3333333333333,1316.0,0.0,0.0,0.0,63.98003160709163,128.30345972645392,0.0,6.5659052011974035,22.12088003071608,0.0,0.0,0.0,
2025-05-20_14-17-40,2025-05-20_14-17-43,3,1,-65.41531250000003,-30.553292410714278,1.0080915178571423,67.49246651785714,44.994977678571416,0.0012214355468813665,135.00248046874998,0.0008581542968499889,45.00018511962891,24575.0,27979.0,0.0,516.6666666666666,1411.6666666666667,0.0,0.3333333333333333,0.0,62.40459384799595,7.571877794400365,0.0,6.691619966628244,10.80637671829822,0.0,0.33333333333333337,0.0,
2025-05-20_14-17-45,2025-05-20_14-17-48,3,1,-65.41531250000003,-28.338448660714278,1.0080915178571423,67.49246651785714,44.994977678571416,0.0012214355468813665,135.00248046874998,0.0008581542968499889,45.00018511962891,25089.666666666668,28495.333333333332,0.0,487.0,1200.6666666666667,0.0,0.0,0.0,11.83685393637647,116.43643950432546,0.0,24.879710609249457,15.452435981999013,0.0,0.0,0.0,
2025-05-20_14-17-49,2025-05-20_14-17-53,3,1,-65.41531250000003,-26.108537946428555,1.0080915178571423,67.49246651785714,44.994977678571416,0.0012214355468813665,135.00248046874998,0.0008581542968499889,45.00018511962891,25214.0,28362.666666666668,0.0,514.0,887.6666666666666,0.0,0.0,0.0,66.9552089086428,22.183577509299784,0.0,5.507570547286102,7.965202096899015,0.0,0.0,0.0,
2025-05-20_14-17-54,2025-05-20_14-17-57,3,1,-65.41531250000003,-23.881138392857167,1.0080915178571423,67.49246651785714,44.994977678571416,0.0012214355468813665,135.00248046874998,0.0008581542968499889,45.00018511962891,25512.0,28613.333333333332,0.0,522.3333333333334,556.3333333333334,0.0,0.0,0.0,28.571547618799606,25.4580264575067,0.0,2.6034165586355518,22.24360082760383,0.0,0.0,0.0,
2025-05-20_14-17-58,2025-05-20_14-18-01,3,1,-65.41531250000003,-21.663783482142833,1.0080915178571423,67.49246651785714,44.994977678571416,0.0012214355468813665,135.00248046874998,0.0008581542968499889,45.00018511962891,25862.333333333332,28620.333333333332,0.0,522.6666666666666,273.3333333333333,0.0,0.0,0.0,123.3454948958863,97.06412542461013,0.0,13.295780450119421,9.837569708915803,0.0,0.0,0.0,
2025-05-20_14-18-02,2025-05-20_14-18-06,3,1,-65.41531250000003,-19.438895089285722,1.0080915178571423,67.49246651785714,44.994977678571416,0.0012214355468813665,135.00248046874998,0.0008581542968499889,45.00018511962891,26111.666666666668,28448.0,0.0,493.6666666666667,109.33333333333333,0.0,0.0,0.0,95.17410945793563,85.231058501777,0.0,8.252945602093298,0.881917103688197,0.0,0.0,0.0,
2025-05-20_14-18-07,2025-05-20_14-18-10,3,1,-65.41531250000003,-17.219029017857167,1.0080915178571423,67.49246651785714,44.994977678571416,0.0012214355468813665,135.00248046874998,0.0008581542968499889,45.00018511962891,26346.666666666668,28726.666666666668,0.0,507.6666666666667,35.0,0.0,0.3333333333333333,0.0,87.95706023079924,30.179095045706358,0.0,7.31057073315377,1.5275252316519468,0.0,0.33333333333333337,0.0,
2025-05-20_14-18-11,2025-05-20_14-18-14,3,1,-65.41531250000003,-15.004185267857167,1.0080915178571423,67.49246651785714,44.994977678571416,0.0012214355468813665,135.00248046874998,0.0008581542968499889,45.00018511962891,26572.0,28956.333333333332,0.0,508.3333333333333,58.666666666666664,0.0,0.0,0.0,43.40890845590722,100.41635546286494,0.0,6.489307444643928,4.630814663149936,0.0,0.0,0.0,
