start,stop,num_samp,samp_period,C_UV_HWP,C_QP,C_PCC,B_C_HWP,B_C_QWP,B_HWP,B_QWP,A_HWP,A_QWP,A,B,Ap,Bp,C4,C5,C6,C7,A_SEM,B_SEM,Ap_SEM,Bp_SEM,C4_SEM,C5_SEM,C6_SEM,C7_SEM,note
2025-05-20_14-12-26,2025-05-20_14-12-29,3,1,-65.41531250000003,-34.99553571428572,1.0080915178571423,67.49246651785714,44.994977678571416,0.0012214355468813665,45.002236328124994,67.50146087646485,-0.0014415507316698495,22153.333333333332,24626.0,0.0,500.0,1172.0,0.0,0.0,0.0,94.53805817999672,108.00154319885125,0.0,6.658328118479393,22.678918257565407,0.0,0.0,0.0,
2025-05-20_14-12-30,2025-05-20_14-12-33,3,1,-65.41531250000003,-32.770647321428555,1.0080915178571423,67.49246651785714,44.994977678571416,0.0012214355468813665,45.002236328124994,67.50146087646485,-0.0014415507316698495,23439.0,25855.666666666668,0.0,504.3333333333333,894.6666666666666,0.0,0.0,0.0,123.64869590901475,59.91753592322627,0.0,8.412952976082641,6.009252125773316,0.0,0.0,0.0,
2025-05-20_14-12-34,2025-05-20_14-12-38,3,1,-65.41531250000003,-30.548270089285722,1.0080915178571423,67.49246651785714,44.994977678571416,0.0012214355468813665,45.002236328124994,67.50146087646485,-0.0014415507316698495,24419.0,27008.333333333332,0.0,513.0,511.6666666666667,0.0,1.0,0.0,42.15843134336634,132.94150760557986,0.0,8.0,8.171767114754175,0.0,0.5773502691896258,0.0,
2025-05-20_14-12-39,2025-05-20_14-12-43,3,1,-65.41531250000003,-28.323381696428555,1.0080915178571423,67.49246651785714,44.994977678571416,0.0012214355468813665,45.002236328124994,67.50146087646485,-0.0014415507316698495,24630.333333333332,27299.666666666668,0.0,503.0,191.66666666666666,0.0,0.0,0.0,127.96006321418328,75.0673771428782,0.0,12.055427546683418,9.527737285304303,0.0,0.0,0.0,
2025-05-20_14-12-44,2025-05-20_14-12-47,3,1,-65.41531250000003,-26.111049107142833,1.0080915178571423,67.49246651785714,44.994977678571416,0.0012214355468813665,45.002236328124994,67.50146087646485,-0.0014415507316698495,24890.0,27781.0,0.0,500.0,42.0,0.0,0.0,0.0,85.90886644190653,134.27955912945202,0.0,15.716233645501712,7.76745346515403,0.0,0.0,0.0,
2025-05-20_14-12-48,2025-05-20_14-12-51,3,1,-65.41531250000003,-23.883649553571445,1.0080915178571423,67.49246651785714,44.994977678571416,0.0012214355468813665,45.002236328124994,67.50146087646485,-0.0014415507316698495,25129.333333333332,27941.666666666668,0.0,507.3333333333333,71.33333333333333,0.0,0.0,0.0,31.290751207203567,19.83543406241579,0.0,10.47748909700114,5.364492313143694,0.0,0.0,0.0,
2025-05-20_14-12-53,2025-05-20_14-12-56,3,1,-65.41531250000003,-21.661272321428555,1.0080915178571423,67.49246651785714,44.994977678571416,0.0012214355468813665,45.002236328124994,67.50146087646485,-0.0014415507316698495,25422.666666666668,28096.666666666668,0.0,500.6666666666667,237.0,0.0,0.3333333333333333,0.0,58.99811673077182,25.438378704451885,0.0,8.110350040397627,2.6457513110645907,0.0,0.33333333333333337,0.0,
2025-05-20_14-12-57,2025-05-20_14-13-01,3,1,-65.41531250000003,-19.44140625,1.0080915178571423,67.49246651785714,44.994977678571416,0.0012214355468813665,45.002236328124994,67.50146087646485,-0.0014415507316698495,25497.666666666668,28367.0,0.0,503.0,503.0,0.0,0.0,0.0,166.8355810704393,41.00406483915142,0.0,16.522711641858308,21.07130750570548,0.0,0.0,0.0,
2025-05-20_14-13-02,2025-05-20_14-13-06,3,1,-65.41531250000003,-17.221540178571445,1.0080915178571423,67.49246651785714,44.994977678571416,0.0012214355468813665,45.002236328124994,67.50146087646485,-0.0014415507316698495,25805.0,28676.666666666668,0.0,489.3333333333333,760.6666666666666,0.0,0.0,0.0,133.67123849205558,123.70439676009005,0.0,9.905105305402419,25.313588796884922,0.0,0.0,0.0,
2025-05-20_14-13-07,2025-05-20_14-13-11,3,1,-65.41531250000003,-15.004185267857167,1.0080915178571423,67.49246651785714,44.994977678571416,0.0012214355468813665,45.002236328124994,67.50146087646485,-0.0014415507316698495,25947.666666666668,28752.666666666668,0.0,497.0,1033.0,0.0,0.0,0.0,90.46239243157594,96.04917721898738,0.0,10.503967504392488,11.930353445448855,0.0,0.0,0.0,
