start,stop,num_samp,samp_period,C_UV_HWP,C_QP,C_PCC,B_C_HWP,B_C_QWP,B_HWP,B_QWP,A_HWP,A_QWP,A,B,Ap,Bp,C4,C5,C6,C7,A_SEM,B_SEM,Ap_SEM,Bp_SEM,C4_SEM,C5_SEM,C6_SEM,C7_SEM,note
2025-05-20_14-16-35,2025-05-20_14-16-38,3,1,-65.41531250000003,-34.993024553571445,1.0080915178571423,67.49246651785714,44.994977678571416,0.0012214355468813665,45.000283203124994,0.0008581542968499889,45.000703918457035,22163.333333333332,24754.0,0.0,483.0,263.3333333333333,0.0,0.3333333333333333,0.0,90.09686145723637,81.40229316999205,0.0,3.6055512754639896,8.819171036881968,0.0,0.33333333333333337,0.0,
2025-05-20_14-16-38,2025-05-20_14-16-42,3,1,-65.41531250000003,-32.78069196428572,1.0080915178571423,67.49246651785714,44.994977678571416,0.0012214355468813665,45.000283203124994,0.0008581542968499889,45.000703918457035,23211.0,25813.333333333332,0.0,514.3333333333334,62.666666666666664,0.0,0.0,0.0,47.60602202803059,133.41206009119932,0.0,24.77453890141606,6.359594676112971,0.0,0.0,0.0,
2025-05-20_14-16-43,2025-05-20_14-16-46,3,1,-65.41531250000003,-30.560825892857167,1.0080915178571423,67.49246651785714,44.994977678571416,0.0012214355468813665,45.000283203124994,0.0008581542968499889,45.000703918457035,24443.333333333332,27039.0,0.0,488.3333333333333,67.33333333333333,0.0,0.0,0.0,35.92739592257944,65.33758489567855,0.0,9.837569708915803,5.840471822645077,0.0,0.0,0.0,
2025-05-20_14-16-47,2025-05-20_14-16-50,3,1,-65.41531250000003,-28.338448660714278,1.0080915178571423,67.49246651785714,44.994977678571416,0.0012214355468813665,45.000283203124994,0.0008581542968499889,45.000703918457035,24802.0,27340.666666666668,0.0,512.3333333333334,270.6666666666667,0.0,0.0,0.0,77.7838886488284,43.321793335199985,0.0,13.295780450119421,3.666666666666667,0.0,0.0,0.0,
2025-05-20_14-16-51,2025-05-20_14-16-55,3,1,-65.41531250000003,-26.116071428571445,1.0080915178571423,67.49246651785714,44.994977678571416,0.0012214355468813665,45.000283203124994,0.0008581542968499889,45.000703918457035,25267.333333333332,27567.666666666668,0.0,495.3333333333333,631.3333333333334,0.0,0.0,0.0,126.615340478334,47.188746304365594,0.0,20.168732676541126,16.17954813268213,0.0,0.0,0.0,
2025-05-20_14-16-56,2025-05-20_14-16-59,3,1,-65.41531250000003,-23.896205357142833,1.0080915178571423,67.49246651785714,44.994977678571416,0.0012214355468813665,45.000283203124994,0.0008581542968499889,45.000703918457035,25566.333333333332,28155.333333333332,0.0,505.6666666666667,991.6666666666666,0.0,0.0,0.0,93.9260938776393,75.38862277853632,0.0,3.1797973380564857,23.53956480292512,0.0,0.0,0.0,
2025-05-20_14-17-01,2025-05-20_14-17-04,3,1,-65.41531250000003,-21.658761160714278,1.0080915178571423,67.49246651785714,44.994977678571416,0.0012214355468813665,45.000283203124994,0.0008581542968499889,45.000703918457035,25839.666666666668,28235.333333333332,0.0,516.6666666666666,1249.3333333333333,0.0,0.0,0.0,87.94948044821591,64.3074213792191,0.0,11.921036494831778,15.62405552701062,0.0,0.0,0.0,
2025-05-20_14-17-06,2025-05-20_14-17-09,3,1,-65.41531250000003,-19.436383928571445,1.0080915178571423,67.49246651785714,44.994977678571416,0.0012214355468813665,45.000283203124994,0.0008581542968499889,45.000703918457035,25919.666666666668,28499.0,0.0,505.6666666666667,1466.3333333333333,0.0,0.0,0.0,161.14830988185318,67.10439627923047,0.0,10.713439119992131,14.881009523699811,0.0,0.0,0.0,
2025-05-20_14-17-11,2025-05-20_14-17-14,3,1,-65.41531250000003,-17.221540178571445,1.0080915178571423,67.49246651785714,44.994977678571416,0.0012214355468813665,45.000283203124994,0.0008581542968499889,45.000703918457035,26216.0,28611.666666666668,0.0,504.0,1526.0,0.0,0.0,0.0,120.15545486299544,57.77061921465309,0.0,13.576941236277534,14.011899704655802,0.0,0.0,0.0,
2025-05-20_14-17-15,2025-05-20_14-17-18,3,1,-65.41531250000003,-14.996651785714278,1.0080915178571423,67.49246651785714,44.994977678571416,0.0012214355468813665,45.000283203124994,0.0008581542968499889,45.000703918457035,26720.333333333332,28865.333333333332,0.0,498.3333333333333,1536.0,0.0,0.0,0.0,148.66778773867296,43.47157436506962,0.0,4.910306620885413,20.297783130184442,0.0,0.0,0.0,
